186.82
175.303
184.083
178.511
181.197
183.784
176.285
176.285
183.778
183.771
172.839
183.812
185.867
175.945
177.713
184.721
183.366
186.512
181.389
187.014
186.3
185.231
183.684
185.603
177.713
175.628
179.868
181.389
183.498
185.301
172.553
183.089
185.603
172.553
173.322
173.026
182.202
184.721
183.333
176.204
183.405
184.879
172.553
178.86
176.351
186.583
177.574
183.812
174.236
186.101
174.149
174.486
178.726
176.351
179.948
185.231
176.285
185.482
177.192
186.228
183.366
176.123
187.014
175.86
178.906
183.498
183.876
183.784
185.603
177.076
186.478
176.831
181.407
184.384
183.366
177.332
185.873
185.231
186.82
184.05
186.82
175.788
183.498
174.486
173.322
183.498
187.39
177.327
185.603
176.563
185.603
181.389
175.281
186.857
178.45
179.944
178.511
176.563
184.869
178.806
186.309
184.037
186.82
185.0
177.676
175.927
184.103
181.995
179.868
175.149
185.603
176.831
177.713
187.014
185.603
174.063
183.784
185.625
176.024
175.578
180.677
181.389
181.389
177.713
183.498
181.389
177.708
183.498
180.897
176.285
185.704
187.014
176.563
173.322
183.498
181.389
187.014
180.984
172.553
177.365
177.574
176.563
173.322
184.384
184.456
177.005
187.014
174.149
176.285
181.389
174.104
176.285
172.839
184.721
185.626
177.362
173.08
176.831
176.423
174.427
187.39
174.104
177.332
176.285
174.486
176.316
182.728
176.229
178.208
177.713
187.014
186.309
183.812
177.504
173.738
184.597
186.478
183.498
176.979
173.608
187.014
177.713
174.521
183.498
174.149
178.511
183.366
178.853
178.051
179.826
185.409
183.405
187.014
185.736
184.721
184.114
176.285
180.578
184.384
187.014
175.181
176.788
175.861
185.231
176.831
184.879
172.553
185.867
172.553
182.323
183.417
187.014
187.014
175.204
176.123
187.014
176.751
175.796
185.726
183.498
187.014
177.815
185.423
178.108
177.682
177.095
176.563
178.375
172.553
176.411
186.478
174.149
186.637
177.701
174.669
178.511
183.96
176.285
176.285
181.389
176.441
187.014
177.327
186.508
174.82
183.498
172.839
186.478
175.281
187.014
176.211
176.285
174.104
178.726
172.553
177.196
186.637
174.325
179.826
174.568
177.676
177.981
174.104
176.733
185.626
186.711
183.498
178.86
183.684
184.037
186.82
182.202
176.285
175.586
176.563
177.701
183.366
177.789
173.322
180.576
177.713
183.498
187.343
176.204
185.704
183.498
187.418
183.498
185.961
177.942
183.366
187.014
176.285
185.116
175.98
187.39
182.835
179.082
187.014
176.534
174.149
178.511
187.418
172.553
186.478
183.366
178.177
178.051
185.231
183.812
181.389
175.181
181.763
182.367
183.366
180.061
186.478
174.727
174.236
185.603
175.63
183.812
176.285
183.812
173.322
186.407
179.201
186.82
181.084
181.389
181.389
181.389
181.599
178.976
185.873
185.609
174.523
174.521
177.942
187.418
182.022
174.621
181.843
184.608
183.366
174.727
176.285
186.228
178.45
183.764
176.992
177.095
185.603
175.303
183.498
183.498
181.389
181.389
174.486
177.789
175.788
176.563
187.014
186.228
180.084
187.014
178.177
175.63
177.664
187.014
183.648
185.055
176.883
177.249
174.149
185.603
177.832
177.762
176.441
178.511
187.494
186.228
177.713
181.389
184.721
181.822
176.968
172.553
174.486
182.538
174.104
178.064
179.248
181.389
185.638
183.573
187.418
185.603
186.672
175.077
179.402
177.713
185.231
185.231
175.566
174.149
176.179
179.868
179.981
175.694
177.357
183.684
175.181
183.498
177.411
179.27
176.341
177.789
185.867
183.812
176.992
179.08
176.285
185.603
187.014
183.498
183.754
183.812
177.365
175.195
183.498
173.322
173.322
174.465
183.366
182.338
185.54
177.327
179.017
174.78
179.615
181.389
183.812
185.116
177.713
176.351
176.563
185.603
185.231
188.232
174.727
179.718
176.407
183.432
186.82
183.498
185.231
175.56
175.162
181.389
184.666
186.711
187.39
187.014
187.014
176.285
186.82
185.53
181.389
187.014
179.826
185.564
177.544
174.523
185.603
180.066
176.423
181.389
178.108
177.327
175.63
180.677
185.54
183.771
184.721
183.249
175.029
183.422
175.181
173.322
181.389
185.194
184.386
181.744
187.014
174.845
174.82
180.747
178.609
183.784
185.609
187.014
172.839
188.028
179.868
184.348
184.037
175.815
183.812
187.014
176.285
174.236
176.563
176.285
172.553
175.342
183.784
178.511
175.731
174.149
183.498
185.68
183.812
184.754
176.563
176.65
173.899
184.833
185.626
185.603
187.014
186.82
179.749
176.285
185.873
185.873
174.149
176.992
173.899
183.498
183.784
178.45
175.161
187.014
180.425
183.812
176.285
179.816
184.721
188.232
184.468
183.498
180.425
177.208
177.327
175.691
185.603
186.442
184.721
177.664
177.678
183.764
181.389
186.82
185.231
177.688
179.248
177.327
183.405
183.812
173.69
183.359
176.563
174.236
187.014
184.378
184.187
186.478
183.287
175.225
185.437
181.069
185.231
178.772
174.727
176.563
179.338
185.54
174.983
183.498
185.603
176.285
181.389
186.478
177.327
179.126
186.224
177.713
185.141
183.366
176.563
177.196
187.014
176.563
180.549
177.832
183.498
177.832
184.869
177.682
173.322
174.149
174.302
174.104
186.228
175.149
185.301
183.366
178.772
180.897
175.37
172.553
181.197
175.63
172.553
185.873
183.812
176.647
185.231
174.249
184.254
176.204
176.351
181.389
183.498
174.018
187.014
183.598
178.218
184.254
172.823
172.131
177.086
181.958
188.437
185.54
183.498
185.581
175.788
180.677
186.711
174.104
185.667
178.108
183.784
187.014
175.181
177.327
177.694
183.684
184.049
175.63
186.711
186.407
175.63
186.857
174.104
183.71
179.981
187.014
185.603
183.498
179.215
187.014
178.772
174.104
179.786
182.415
183.754
176.563
186.711
185.603
186.763
187.986
177.713
172.553
174.321
176.153
180.677
175.688
172.689
176.321
183.784
184.348
183.778
183.498
174.236
177.327
185.603
185.231
183.149
185.115
174.104
178.471
185.873
176.351
177.62
177.713
183.498
174.427
179.826
174.847
185.781
179.868
178.108
187.014
174.845
175.535
174.104
175.954
187.014
187.014
183.498
183.818
186.711
185.231
176.831
187.014
182.135
183.498
174.236
175.37
184.721
181.389
175.771
185.873
178.991
176.699
180.878
186.711
177.361
184.721
185.603
183.498
181.389
186.82
185.603
183.498
176.041
184.868
180.318
186.442
185.867
183.784
174.486
187.014
186.82
183.498
173.322
174.149
174.023
183.41
181.389
184.721
186.82
175.161
181.407
183.498
185.603
185.603
174.486
183.784
183.498
183.914
177.388
184.721
177.713
186.442
186.593
176.423
176.316
184.037
176.285
183.914
183.366
183.089
175.181
177.361
183.405
177.713
185.301
176.285
187.014
187.39
185.227
174.521
175.935
183.498
180.829
187.014
177.474
183.498
174.149
185.54
185.231
187.014
180.052
183.784
185.704
179.921
180.677
184.721
175.869
178.051
175.796
176.076
187.014
182.338
184.721
179.283
187.548
185.231
186.442
178.511
180.56
183.366
178.991
176.351
183.812
186.313
183.498
185.231
181.389
179.082
183.648
177.256
177.332
172.553
176.831
183.498
173.322
177.713
179.39
187.014
176.091
183.683
183.498
181.389
177.713
175.34
176.351
183.812
177.713
178.971
187.014
180.576
174.104
176.285
175.98
185.603
186.979
178.308
185.603
183.684
183.498
176.563
185.873
176.285
184.574
177.708
180.878
179.826
184.721
177.058
174.149
177.196
177.713
183.498
174.236
183.684
175.56
172.553
187.014
181.407
184.05
183.498
179.749
179.868
187.014
183.498
174.321
185.54
187.014
175.181
184.721
183.366
184.721
185.231
176.351
185.603
171.553
184.574
176.831
176.077
187.014
177.633
176.563
176.563
183.366
176.035
186.478
185.603
181.389
186.82
176.285
186.3
186.857
179.868
187.014
181.389
183.784
181.407
184.721
183.498
186.3
177.791
179.106
184.384
175.423
182.846
185.603
181.389
182.835
183.71
187.014
185.873
181.389
183.778
180.351
184.386
185.603
181.389
187.014
181.837
183.96
183.693
184.652
177.327
176.563
174.236
176.831
187.014
177.196
186.711
185.603
183.812
175.747
174.236
182.354
178.108
180.066
175.161
176.751
186.478
175.788
175.131
179.868
178.511
183.71
185.231
187.014
183.498
183.498
176.123
183.366
185.182
179.231
187.014
185.603
183.498
183.812
177.683
186.442
179.546
183.498
174.104
185.625
174.149
177.327
176.123
184.721
187.014
180.677
181.389
183.498
175.149
179.25
175.587
174.427
183.812
178.45
185.609
180.677
176.204
185.603
174.104
175.181
185.867
177.713
179.826
186.82
183.117
180.193
181.389
179.106
187.014
175.077
183.812
187.014
177.324
177.257
183.498
181.89
181.389
176.992
187.014
187.014
181.389
176.285
183.498
183.498
185.812
185.873
179.826
182.697
179.325
187.014
183.154
186.82
180.097
183.498
176.285
183.366
183.812
183.812
183.71
181.79
176.285
182.338
184.574
184.456
181.389
174.922
185.626
182.407
182.538
183.149
173.322
180.576
172.553
174.523
178.849
184.609
173.899
187.014
185.625
176.776
176.831
183.684
179.615
185.991
185.812
183.498
178.677
173.899
186.857
176.138
185.603
177.361
183.072
173.322
183.344
185.603
174.521
176.691
184.111
179.929
187.014
183.71
176.563
183.812
176.788
184.721
174.621
185.603
184.721
185.603
183.366
171.422
183.498
186.442
182.804
175.861
174.104
187.014
181.389
185.143
186.478
184.574
176.831
176.831
175.181
178.596
176.338
183.366
179.868
182.483
187.014
187.014
181.384
174.149
187.014
181.389
185.603
177.683
177.327
186.478
186.82
181.389
177.713
185.211
175.343
177.713
179.868
177.713
175.181
185.603
183.498
174.149
177.08
176.563
186.309
183.498
177.832
176.123
176.351
184.218
175.845
179.262
187.014
178.712
183.812
188.33
181.389
185.571
185.116
187.014
183.366
181.79
184.268
181.389
183.498
178.291
181.475
177.327
185.867
174.974
181.389
179.248
183.71
186.407
183.498
183.498
178.511
185.609
183.684
184.721
175.097
176.204
179.126
176.831
181.696
174.486
184.316
183.405
184.386
178.596
176.285
187.418
177.119
183.498
174.104
186.228
184.348
185.873
177.713
181.407
187.014
180.878
176.123
185.231
183.812
182.899
176.883
184.721
179.825
187.014
175.181
183.498
183.498
183.498
183.498
176.09
186.228
182.871
174.149
183.784
175.861
177.095
186.637
176.285
183.96
186.478
174.841
187.014
183.545
176.341
185.603
183.498
180.578
174.716
185.231
185.603
187.014
183.498
176.563
174.149
175.688
180.447
176.351
176.831
176.831
185.68
185.231
177.327
174.236
183.71
175.204
178.971
185.924
185.603
185.54
181.069
187.014
183.498
183.903
183.366
172.553
187.39
181.389
185.867
176.411
180.747
176.285
178.906
179.929
183.498
175.688
179.942
184.083
177.713
181.316
182.518
185.867
181.389
177.327
183.812
181.79
175.204
176.285
184.083
187.014
187.014
185.603
185.231
184.016
182.685
185.603
183.498
183.366
177.815
174.631
179.868
183.778
176.831
174.236
187.014
179.868
177.832
183.778
179.546
176.563
174.942
185.603
184.721
174.562
182.224
185.873
185.0
186.228
183.498
184.833
177.327
175.796
179.742
185.437
183.991
185.873
185.231
186.82
183.498
185.091
186.593
186.407
176.341
183.498
183.648
180.908
175.181
186.478
179.646
183.098
181.389
178.108
183.684
176.721
183.71
184.721
179.082
175.788
187.494
182.103
182.871
174.236
185.603
185.231
178.511
174.486
174.104
185.231
182.697
186.82
185.231
183.498
171.494
173.048
181.521
176.699
187.557
174.537
177.332
187.39
176.338
183.498
184.721
185.603
185.603
183.812
174.018
179.944
178.72
173.322
187.014
185.603
183.684
184.721
183.498
183.366
180.368
177.332
180.878
185.704
175.262
183.498
183.498
187.014
176.423
179.126
187.014
181.389
176.351
185.603
187.014
179.786
183.71
183.498
185.504
181.316
183.405
185.625
183.684
176.423
184.721
176.285
176.411
181.069
183.366
172.553
175.903
183.122
176.563
183.432
183.684
176.285
179.082
187.014
173.026
186.82
177.327
175.63
187.014
175.788
178.991
183.947
185.006
173.769
187.014
185.603
179.816
183.498
176.847
175.077
173.322
187.014
183.876
183.366
183.366
179.351
174.519
184.384
176.563
176.285
176.992
177.815
179.231
186.228
185.603
180.231
174.631
181.369
183.684
185.231
174.236
175.927
175.63
175.131
183.498
174.149
185.603
178.177
187.014
176.285
177.327
184.386
182.871
182.202
182.451
177.942
175.788
181.389
176.285
174.82
184.721
186.407
185.923
177.713
183.405
181.389
181.861
184.721
174.537
174.224
185.603
185.873
175.162
183.498
185.726
181.389
184.016
174.321
183.784
183.366
186.478
175.029
183.498
184.05
176.338
185.53
183.812
184.384
177.682
175.726
187.39
185.603
178.36
175.097
178.108
186.478
184.721
183.498
176.992
181.389
181.069
187.418
187.405
182.407
177.388
187.014
175.177
177.637
181.389
185.646
176.204
176.285
187.014
184.609
187.243
176.563
184.016
183.812
174.486
185.704
177.88
176.952
176.285
183.366
185.603
183.498
176.123
177.708
178.553
178.45
183.498
176.229
183.812
176.348
178.677
177.227
183.498
181.995
183.498
176.351
176.563
176.831
177.713
185.231
183.498
173.322
178.991
183.498
185.609
177.713
185.873
183.498
177.713
185.211
183.498
182.538
183.149
176.123
179.615
181.084
183.359
174.82
176.563
173.763
176.285
183.818
176.563
176.831
177.365
184.808
183.498
177.327
181.407
174.681
175.195
176.992
183.498
175.097
187.014
180.231
180.677
176.351
177.713
186.478
185.665
174.149
174.922
184.386
176.338
183.405
173.322
187.014
185.704
185.873
186.711
183.359
174.727
187.014
183.812
185.231
184.268
176.123
182.323
183.914
176.563
178.609
183.366
186.813
186.478
180.052
186.478
176.351
183.344
182.697
184.721
187.014
182.515
183.498
176.831
185.661
184.348
178.45
180.015
182.367
182.36
183.498
177.327
184.468
174.486
175.37
178.263
185.603
181.389
185.971
174.537
185.54
187.418
187.39
187.014
183.498
187.014
174.063
183.764
185.873
176.308
187.014
174.149
185.873
173.941
177.44
176.024
185.571
185.625
187.014
177.832
175.255
187.014
178.108
181.304
175.181
186.228
173.048
178.469
174.018
184.666
180.701
184.05
177.62
176.035
186.711
180.677
183.498
183.366
185.115
183.784
183.498
184.721
172.553
181.389
186.478
178.45
184.254
182.407
177.362
181.389
184.754
176.088
185.609
179.615
183.366
185.231
182.326
184.187
184.468
172.553
174.727
176.285
176.341
183.498
176.788
173.608
184.833
187.014
175.788
187.014
178.511
186.637
177.832
185.603
184.721
186.478
175.954
176.308
173.738
176.285
176.563
183.693
179.355
185.603
177.637
186.82
185.231
181.389
176.831
174.149
183.498
185.194
179.826
173.899
183.498
177.815
185.603
177.713
185.661
184.016
179.794
185.571
178.991
184.727
179.868
183.149
186.637
177.332
184.037
182.875
182.135
184.09
175.181
187.014
183.498
185.581
187.014
180.016
184.023
183.117
178.108
179.868
187.014
187.014
179.951
172.553
176.351
180.897
183.366
185.626
183.498
185.603
176.285
181.389
185.603
180.854
183.498
183.684
184.666
185.603
183.498
184.384
177.327
174.521
182.367
181.79
174.236
183.498
187.39
175.566
177.327
187.014
175.63
176.201
187.014
181.389
175.181
185.873
183.498
178.108
179.905
185.812
185.603
185.603
175.181
176.788
175.982
187.014
180.576
179.65
183.498
180.368
187.014
177.942
176.285
185.231
187.014
183.366
185.762
185.231
178.108
177.327
183.498
178.051
185.74
181.316
174.104
183.812
179.868
174.521
182.84
178.785
181.389
185.603
183.199
184.187
186.442
183.366
183.366
174.503
177.327
184.869
187.405
181.389
176.123
183.117
186.478
184.597
173.991
174.104
175.077
176.563
181.389
184.721
183.366
183.498
176.204
185.625
185.603
173.322
183.812
175.796
172.553
186.478
184.051
185.626
181.763
174.521
179.929
181.389
188.232
183.117
184.721
172.553
179.126
187.014
183.498
183.498
184.721
183.812
185.626
176.285
180.708
174.486
174.321
176.992
174.239
176.563
174.486
182.419
180.708
180.157
183.812
174.465
174.825
186.593
185.665
185.603
183.498
179.342
186.407
176.563
181.389
183.812
179.868
179.259
186.921
185.603
187.014
173.899
183.405
183.812
183.498
183.498
176.831
175.592
181.79
173.728
176.996
181.084
182.603
176.831
187.014
175.688
180.701
178.596
184.037
184.666
184.721
176.992
176.423
184.808
174.521
187.014
178.252
183.812
185.609
183.41
184.721
184.574
176.563
179.749
187.39
185.603
175.982
179.718
185.873
183.754
174.486
178.45
179.106
176.563
185.609
183.778
183.366
177.713
186.556
184.544
174.325
177.981
178.511
183.366
180.061
185.625
184.609
181.389
183.498
183.784
185.231
178.511
172.553
177.327
185.726
174.023
176.088
174.236
175.177
183.784
177.694
176.831
180.677
174.669
175.788
182.84
183.366
181.389
180.004
176.138
178.677
185.694
181.389
183.498
176.563
174.983
173.262
179.981
185.812
186.82
174.486
175.171
179.868
177.694
183.71
182.978
186.442
183.693
187.014
181.958
185.603
185.603
176.338
185.873
185.867
183.498
177.713
184.833
176.508
175.935
176.411
187.014
176.351
183.366
176.285
178.511
183.498
183.71
183.498
177.327
175.161
179.944
181.958
185.626
178.849
174.368
183.498
180.524
183.498
172.993
177.257
186.624
175.86
183.366
183.812
183.812
174.486
183.498
180.087
183.366
176.411
184.037
186.857
180.549
178.971
183.498
186.82
177.208
175.077
176.508
185.867
183.498
174.845
177.327
181.464
175.756
186.82
186.42
187.014
183.366
177.355
187.014
178.177
185.54
183.498
183.498
181.069
185.603
177.327
177.327
176.563
186.921
175.195
184.721
179.201
176.049
187.014
178.86
179.25
181.389
185.231
185.603
184.016
175.181
183.498
185.231
183.366
177.713
173.322
177.027
185.812
184.721
187.014
176.563
183.498
173.662
186.82
174.236
181.389
186.478
177.713
185.231
176.563
177.931
179.786
174.236
177.319
176.204
178.596
185.301
183.123
176.411
185.873
183.498
176.285
183.58
186.763
177.713
183.498
172.553
173.034
183.812
178.177
185.231
171.933
177.713
173.322
183.498
184.721
183.71
183.784
177.942
182.538
183.405
183.498
178.511
175.726
174.104
187.014
185.626
176.522
183.498
185.231
183.812
186.228
174.104
183.498
185.231
174.018
176.341
177.713
181.389
173.322
179.826
187.405
180.447
185.603
185.376
175.097
187.014
181.389
187.014
184.653
176.338
183.287
185.231
174.149
178.36
174.149
181.389
178.726
187.014
176.285
177.058
183.498
186.407
182.367
181.389
173.048
185.704
183.812
184.721
183.498
173.322
175.077
185.867
185.603
185.331
187.014
187.346
173.322
178.108
185.609
185.231
182.871
175.63
184.721
183.684
175.63
185.873
178.177
177.332
176.285
184.754
183.812
174.974
185.505
175.692
181.316
187.014
185.301
179.383
177.008
184.721
179.826
173.941
177.713
185.603
181.389
179.39
187.418
178.45
178.208
186.478
183.366
172.843
181.389
181.389
184.721
185.603
181.389
183.812
183.684
187.014
185.603
172.839
185.603
187.014
187.014
174.727
183.812
176.285
172.645
183.71
183.761
175.119
183.366
174.236
183.812
183.812
183.784
178.511
178.993
181.789
183.498
185.603
184.12
185.231
175.322
187.014
183.717
179.742
173.322
185.667
183.366
185.231
176.285
174.104
186.82
184.597
180.097
186.228
177.683
174.325
183.498
183.884
180.166
174.149
178.511
183.498
183.812
183.149
176.407
174.845
176.563
183.498
178.991
183.498
182.596
183.498
175.486
181.389
179.786
187.014
176.351
185.211
183.405
175.131
174.321
178.806
187.014
185.603
173.322
185.873
178.218
180.854
176.797
176.691
172.843
183.764
183.344
175.63
179.868
183.405
179.126
187.014
184.386
186.82
187.418
184.023
183.828
174.486
177.208
185.665
179.868
186.82
184.721
175.181
182.774
176.563
185.626
185.899
174.486
183.812
179.944
187.014
176.992
187.014
176.563
181.715
182.515
187.014
178.509
183.414
183.764
177.942
183.498
174.149
178.806
185.54
175.303
176.647
183.684
185.571
177.713
185.603
177.683
185.867
174.845
178.511
181.995
183.098
184.083
187.014
174.236
185.867
185.231
176.351
177.765
185.603
184.037
183.498
183.498
179.718
174.149
174.486
184.037
181.79
174.104
183.366
184.721
175.423
178.846
177.637
183.812
176.321
176.699
179.868
177.327
187.014
185.603
175.171
179.002
184.879
183.366
176.831
179.951
183.405
171.933
176.351
185.812
186.711
180.252
177.076
175.131
177.762
183.498
172.553
178.726
174.521
176.563
179.826
186.442
187.014
175.796
177.942
184.05
187.014
175.788
176.563
183.498
172.838
182.415
177.095
177.365
176.035
177.713
187.014
185.603
180.708
183.366
185.781
172.843
185.873
178.511
179.868
177.824
174.236
183.498
183.154
185.638
180.821
174.249
185.603
173.37
184.348
174.486
180.351
174.78
184.833
185.571
180.405
181.763
184.666
176.653
177.762
185.694
186.176
173.608
184.016
179.868
176.035
178.108
181.389
181.389
176.285
186.478
186.42
176.123
182.407
181.389
174.249
176.179
183.117
176.831
173.899
186.711
176.831
175.788
176.285
185.54
175.181
177.327
185.667
182.515
176.351
177.55
187.014
181.389
186.82
184.268
183.812
187.014
183.498
174.523
185.603
183.334
181.389
183.405
186.637
187.014
174.716
186.82
174.486
184.833
179.929
181.958
175.688
185.626
177.058
185.231
183.812
186.046
187.014
185.603
183.812
176.653
185.603
176.699
183.71
177.327
176.285
177.713
176.411
175.119
177.574
176.508
180.066
176.563
185.231
175.162
186.228
181.316
187.014
183.784
184.721
183.366
185.231
187.014
184.721
184.604
176.563
175.34
177.257
184.12
182.515
187.014
182.515
185.603
175.861
187.014
181.744
187.418
173.322
183.498
187.014
186.82
181.79
186.478
183.498
187.014
176.563
182.407
184.189
183.366
175.688
175.131
175.486
183.812
183.366
183.366
181.389
183.498
179.868
186.82
186.228
175.63
187.014
178.906
185.603
185.873
175.181
176.285
177.362
183.498
186.228
184.079
175.796
178.018
180.006
182.421
175.86
172.843
184.597
187.418
185.231
183.498
174.486
185.231
177.688
175.788
181.464
174.104
185.873
173.69
177.637
179.327
176.077
174.727
187.014
185.231
174.521
178.254
172.553
187.014
183.498
176.351
175.857
187.014
176.285
186.82
187.014
183.498
174.486
181.389
186.228
186.82
184.775
179.235
172.553
174.149
182.84
181.389
174.104
180.677
175.566
176.652
186.672
185.603
183.812
176.285
176.321
181.304
185.603
179.718
176.285
176.563
185.603
172.553
187.445
187.014
181.991
176.308
186.857
181.407
183.784
175.845
179.283
175.149
185.667
187.418
187.014
187.014
183.778
179.25
178.177
177.713
171.045
179.25
183.684
174.104
174.486
177.713
182.871
175.63
176.394
186.478
187.418
182.415
176.563
174.104
180.818
186.228
175.315
177.713
184.384
176.979
187.014
176.204
185.231
186.711
178.609
174.521
175.484
182.451
186.672
183.498
172.553
183.498
177.701
174.063
183.784
179.981
176.831
183.684
174.104
176.285
180.193
177.327
175.161
183.498
180.066
185.667
174.239
174.486
174.974
185.726
174.236
181.389
174.149
179.248
172.497
181.491
178.45
174.236
176.563
182.022
187.014
186.478
183.498
176.563
185.231
179.361
176.563
174.631
176.831
176.321
183.683
175.796
176.423
174.845
176.285
182.559
181.389
183.498
180.677
185.603
181.389
185.231
176.285
179.406
177.713
183.366
184.808
182.415
177.713
185.231
185.603
174.845
185.603
184.254
174.486
185.603
183.812
178.547
176.285
185.603
182.135
179.868
176.285
176.123
175.796
186.442
176.049
185.603
182.407
172.653
178.511
176.338
177.088
178.063
183.498
176.285
183.498
186.624
181.963
182.421
183.292
175.322
175.771
175.598
184.754
177.83
177.713
187.014
179.126
180.066
185.595
185.231
186.442
187.014
181.599
183.71
177.713
177.664
181.389
185.638
187.014
176.522
183.812
176.285
185.231
184.96
185.603
185.54
175.731
181.389
187.014
187.014
177.008
184.016
175.181
173.738
179.868
174.268
173.39
185.211
179.826
171.573
175.486
183.812
186.228
187.014
173.322
187.39
179.718
185.603
174.104
183.812
185.603
174.104
181.464
187.014
180.878
188.664
184.721
179.899
185.609
178.511
184.721
183.828
177.327
181.389
186.478
177.327
173.563
174.465
183.117
176.035
183.747
177.713
174.104
183.754
176.077
176.285
177.832
187.014
185.53
176.285
185.812
185.116
185.231
185.231
175.796
186.442
177.361
177.713
183.498
183.117
179.868
186.711
184.083
183.366
179.39
176.285
180.854
185.873
183.693
177.942
187.014
178.971
184.721
175.181
184.721
177.698
183.378
185.54
177.713
177.327
180.576
181.316
187.014
183.098
175.796
185.873
185.667
180.066
178.511
187.014
183.498
185.463
183.366
186.82
178.371
184.721
180.677
179.713
185.603
176.285
185.603
187.39
176.351
186.228
183.498
185.231
177.357
185.603
174.169
177.88
174.169
172.839
174.149
185.603
185.091
184.09
183.405
181.609
185.53
186.82
176.123
177.327
179.826
186.82
177.855
183.498
175.196
174.52
183.366
183.498
183.876
172.497
178.108
185.603
187.014
176.652
181.389
185.603
183.812
176.828
179.951
175.935
186.478
183.498
184.402
185.489
183.498
182.248
187.014
183.812
174.922
174.169
177.791
182.019
185.867
184.829
178.785
175.86
173.941
186.407
175.486
177.44
187.014
185.661
187.014
185.084
185.603
181.609
186.31
179.981
183.778
174.236
181.48
186.82
178.403
176.351
184.456
185.603
185.781
187.508
183.812
176.831
183.693
172.553
183.498
177.682
185.603
182.603
183.432
183.498
187.014
185.625
179.201
177.713
176.351
173.763
177.697
183.784
179.423
183.366
177.008
179.976
183.498
179.826
176.285
180.897
173.048
180.677
183.98
185.301
185.603
177.713
183.812
175.175
174.104
183.684
183.812
187.014
185.603
184.016
176.831
177.327
185.603
176.351
185.603
183.498
173.322
183.876
178.108
186.82
176.088
187.014
187.014
183.405
179.106
185.867
183.443
185.626
176.204
185.873
182.248
175.935
176.883
175.149
179.215
187.014
179.021
185.301
183.911
185.609
185.603
186.589
185.867
185.924
176.625
185.873
183.498
173.322
179.021
185.53
181.389
176.123
183.498
174.104
185.231
172.553
177.713
184.721
183.812
175.077
182.559
185.231
177.713
184.384
177.832
184.023
181.744
175.63
186.228
185.231
182.421
185.603
178.511
186.228
185.603
184.051
178.208
183.594
182.323
184.384
183.498
175.048
174.104
180.27
187.418
185.603
183.812
184.721
177.365
176.18
183.684
181.958
180.854
183.498
176.204
174.236
184.721
185.54
176.831
176.552
185.581
177.694
181.084
173.322
181.389
177.713
185.231
186.921
182.705
172.838
174.727
183.498
177.713
174.486
176.077
174.521
178.087
177.697
177.713
174.486
186.979
178.511
174.537
185.873
177.713
174.149
185.603
183.366
181.389
185.603
187.014
176.348
175.285
183.498
177.723
178.059
175.788
187.975
178.609
186.921
176.308
176.338
185.231
176.204
186.442
179.826
183.498
187.418
179.826
185.54
184.05
181.389
187.014
176.204
186.478
183.378
187.014
181.875
183.573
176.831
185.603
173.899
188.232
182.407
174.82
177.365
183.366
183.366
181.389
185.231
177.713
176.351
177.713
188.028
181.389
177.713
177.98
183.771
173.899
185.704
173.738
185.704
183.498
185.704
179.552
177.637
183.498
174.236
186.593
173.899
183.498
185.603
183.784
181.069
183.812
179.868
175.37
178.511
185.231
185.603
176.321
185.603
177.327
184.187
186.478
180.677
186.046
177.837
180.677
183.812
185.603
183.498
183.818
183.366
183.812
183.498
176.831
186.18
179.868
179.742
185.726
183.498
186.82
173.322
173.899
176.107
186.711
179.825
181.069
175.149
180.677
177.88
185.231
180.811
176.351
176.65
187.39
185.626
183.498
180.576
176.285
176.831
178.208
176.503
176.407
177.327
174.845
181.389
183.149
187.014
185.603
174.727
185.603
176.563
184.879
181.389
179.948
176.338
177.327
175.181
175.771
184.599
177.815
183.498
171.464
184.254
179.215
183.366
184.553
176.285
187.014
183.812
185.603
177.574
176.563
175.63
183.498
185.704
185.603
177.637
183.784
174.104
180.708
174.104
175.727
185.873
185.603
174.149
187.014
185.669
177.327
175.161
184.721
183.784
185.603
180.255
184.869
179.951
185.231
185.231
175.604
187.405
186.478
185.603
184.254
185.603
177.701
175.175
174.302
185.603
185.867
185.609
181.389
172.553
179.868
177.688
176.249
176.653
174.82
176.123
181.369
184.268
183.812
184.721
185.603
185.603
184.727
173.899
179.423
183.405
176.563
180.576
185.924
185.873
187.014
183.498
184.023
179.868
174.149
181.389
182.326
175.861
178.976
174.627
186.637
175.501
184.721
187.014
174.224
178.991
187.014
179.868
173.899
183.498
176.653
179.231
183.693
175.207
182.451
171.933
182.559
179.361
186.442
186.82
183.498
175.788
174.104
183.812
179.713
175.195
183.991
183.684
178.36
175.628
183.784
175.097
187.014
176.563
176.411
174.78
185.116
185.603
176.123
176.411
183.498
177.362
176.338
177.327
183.771
179.868
181.084
187.038
177.832
187.014
187.014
185.603
187.014
178.16
186.3
183.117
173.034
185.603
173.899
181.389
174.018
176.308
186.442
185.231
177.196
177.713
177.676
185.873
178.108
187.014
177.942
185.548
183.595
186.921
183.498
176.285
184.12
174.149
187.014
181.389
184.721
186.228
185.603
173.991
185.873
181.407
183.812
187.014
183.366
183.498
174.236
173.899
175.181
174.236
185.194
172.553
185.231
187.014
183.573
182.181
176.831
180.71
183.683
175.255
185.603
174.486
177.332
183.812
186.711
176.123
177.713
176.968
180.854
179.283
179.868
185.74
181.79
172.553
186.009
185.231
173.048
185.178
177.701
183.366
179.215
185.603
186.228
176.563
187.014
177.713
183.366
183.344
173.322
177.832
183.098
175.486
186.82
183.498
185.231
176.09
180.193
182.415
180.578
184.711
179.215
186.82
187.014
181.389
176.563
179.749
184.721
185.873
182.697
183.683
177.054
179.215
185.603
187.014
180.368
185.603
176.351
185.667
175.486
187.014
185.873
183.561
177.713
176.285
173.262
176.321
184.352
180.013
182.323
187.014
187.014
176.285
175.903
183.828
179.825
181.389
179.868
179.248
182.415
175.37
176.563
183.876
172.553
177.942
177.008
177.327
176.883
179.342
183.812
183.71
174.368
185.603
185.603
177.479
185.603
177.374
176.123
181.609
176.308
176.407
185.231
181.389
176.563
187.014
185.873
186.407
183.366
173.939
172.553
174.825
176.083
183.498
183.498
185.603
181.389
176.831
181.178
186.921
185.006
174.018
185.873
186.478
179.868
184.727
185.603
174.523
183.498
184.721
174.149
185.603
183.498
184.721
176.338
176.351
179.951
177.713
176.563
182.871
174.236
186.82
185.217
177.362
173.322
174.236
178.838
184.721
185.873
185.231
176.563
177.942
186.82
174.221
182.846
184.083
185.867
176.831
185.873
179.718
183.498
185.571
182.421
185.231
183.359
185.53
185.603
174.974
174.321
179.824
172.553
181.197
171.553
179.976
174.353
185.603
179.868
181.197
186.637
177.855
181.389
174.716
174.149
183.812
183.812
182.899
178.371
185.603
177.327
176.285
183.693
183.334
176.123
183.35
175.119
187.014
177.257
185.609
177.88
178.772
174.353
187.418
172.839
183.683
187.014
175.937
177.942
185.603
185.603
179.869
179.824
187.014
183.58
178.108
176.285
181.389
180.066
185.665
187.04
183.812
186.711
175.788
182.326
177.362
181.069
187.014
174.236
185.603
184.727
181.599
175.935
182.323
184.727
187.014
177.701
184.597
187.014
173.899
185.812
181.958
186.921
184.727
183.366
183.498
177.713
176.563
175.691
185.603
176.204
177.637
184.721
176.563
175.56
183.359
176.563
185.603
185.873
187.014
174.149
182.597
185.609
175.788
183.683
181.389
186.711
181.389
176.204
185.437
186.637
178.772
176.09
174.486
183.684
177.404
177.682
184.721
176.348
174.104
183.366
183.717
180.878
185.603
185.54
182.082
175.486
177.713
179.615
184.037
175.085
185.603
181.389
176.351
185.603
183.784
178.971
173.899
185.603
179.868
178.108
187.014
176.123
179.361
181.389
187.346
185.576
187.014
187.39
183.098
186.711
181.389
185.211
187.014
176.979
172.553
183.498
181.9
175.47
175.181
178.596
173.939
180.003
174.521
187.014
187.014
181.389
183.366
185.812
174.104
175.085
182.538
176.204
177.942
176.285
180.087
175.225
179.868
186.228
176.285
174.236
185.603
174.325
183.96
179.868
181.389
174.727
183.359
185.463
185.603
186.593
179.718
186.046
184.721
179.126
187.014
185.726
174.651
186.577
174.236
185.331
186.462
188.232
185.667
185.231
184.721
183.149
176.338
183.498
183.812
174.486
185.626
169.381
185.301
180.061
177.789
183.812
174.149
184.316
176.321
183.812
175.181
181.389
183.812
187.014
176.096
183.693
183.784
183.812
180.677
175.119
186.228
185.231
185.781
177.824
183.366
176.268
181.475
176.035
175.861
185.626
179.826
187.014
183.683
181.389
180.066
174.568
175.162
174.523
176.785
185.349
185.873
176.285
184.721
184.402
179.796
184.083
185.603
172.553
176.035
181.389
176.831
176.831
184.348
183.199
174.149
184.574
184.721
184.721
176.285
183.366
187.014
186.711
185.231
177.713
187.014
174.895
185.603
187.014
187.014
181.79
185.603
187.014
178.511
181.389
185.581
181.316
187.014
185.667
185.571
185.873
184.182
181.389
185.603
177.41
176.123
183.366
183.498
183.498
173.322
177.713
179.826
177.832
181.389
186.782
175.181
173.899
187.014
186.478
183.498
181.389
175.688
183.784
174.325
183.498
183.498
176.411
187.014
184.597
178.45
177.327
187.418
176.552
174.631
185.194
177.847
175.353
183.366
175.161
183.366
183.828
187.924
175.63
176.338
185.867
176.563
174.521
180.821
176.831
176.204
187.418
179.718
185.262
175.181
183.366
173.685
181.475
177.713
186.82
180.878
186.711
181.609
185.53
176.179
180.368
181.389
183.498
178.511
187.014
181.843
187.418
185.231
177.44
175.322
185.231
181.389
176.308
186.426
185.116
184.348
181.389
180.447
185.231
176.351
186.42
181.79
173.086
178.511
180.897
185.603
181.304
177.361
185.873
187.014
183.812
187.014
176.563
182.694
174.486
174.236
185.638
176.285
180.617
184.016
180.236
183.914
176.351
183.812
172.843
183.498
183.812
183.344
186.478
175.181
174.104
181.609
187.014
176.974
187.014
183.366
182.603
187.014
185.603
174.486
185.873
181.389
187.014
181.389
182.189
177.327
183.498
180.193
178.849
179.325
187.014
177.388
187.014
183.812
183.498
173.322
185.603
185.603
177.008
177.713
179.502
182.894
183.498
177.327
185.54
181.084
179.713
179.929
183.498
183.498
183.498
186.478
185.873
175.162
177.832
185.603
177.713
183.366
176.843
183.498
174.621
185.231
181.389
183.498
176.992
181.389
185.873
172.553
178.991
187.014
173.479
179.826
183.498
181.389
182.202
184.037
187.014
186.046
184.721
174.523
182.871
184.833
176.563
182.603
172.926
179.948
184.721
184.721
171.933
183.812
176.915
187.014
187.014
182.464
171.933
185.603
186.857
181.389
180.551
177.713
187.014
183.498
174.149
183.771
183.072
177.507
186.583
181.389
184.544
185.603
177.694
187.014
174.049
185.603
182.633
183.684
183.684
185.211
181.084
177.88
183.366
186.228
185.231
178.108
176.09
183.71
177.192
186.965
176.285
178.511
174.486
188.437
184.016
177.327
183.812
183.378
187.014
185.873
173.322
184.666
186.82
174.486
187.418
183.498
187.014
185.603
177.713
180.897
174.486
184.384
179.826
173.899
182.323
182.875
185.867
177.111
177.832
173.899
174.104
184.721
176.285
178.511
176.308
186.478
177.327
176.665
185.603
187.014
186.442
179.942
181.069
183.498
185.667
181.389
187.014
185.873
176.204
174.104
175.788
180.422
183.366
186.522
183.366
176.563
176.285
173.899
183.366
185.54
185.923
181.296
185.603
183.498
184.254
176.285
183.754
187.548
180.677
177.713
176.563
187.014
187.014
176.091
181.389
185.603
187.014
185.231
183.366
174.104
186.857
183.812
186.228
176.123
184.721
176.285
178.976
180.24
183.498
176.672
183.366
184.721
181.389
187.014
176.285
179.868
186.589
183.684
183.812
184.609
185.603
187.014
180.677
185.661
185.873
181.389
183.784
179.826
176.563
176.563
175.195
177.327
176.563
172.553
186.556
183.149
179.868
174.104
180.576
177.694
171.553
183.812
181.425
185.231
183.58
181.464
187.014
186.6
176.351
185.194
172.553
176.285
176.285
185.116
183.812
186.3
187.014
176.351
176.285
185.667
177.327
185.231
176.996
186.478
184.879
185.231
186.478
183.498
183.26
182.596
175.628
176.563
177.713
186.82
178.208
184.037
183.366
187.014
183.498
183.366
183.498
179.126
187.418
183.344
174.486
177.762
185.603
174.486
186.82
178.993
186.82
174.104
177.784
175.63
177.713
183.828
187.39
184.12
185.231
184.262
183.366
183.498
179.126
183.498
182.323
185.603
184.083
176.563
176.021
174.236
185.301
183.784
181.197
177.713
185.603
185.873
184.721
172.843
179.589
175.56
187.014
181.389
177.837
185.178
185.603
185.603
183.812
185.603
185.581
172.553
180.75
173.899
183.498
187.014
179.826
175.486
184.386
181.369
183.812
187.014
180.708
183.366
177.054
181.389
181.464
183.784
181.389
176.285
185.603
174.651
179.868
174.104
180.708
183.784
176.285
185.231
183.366
187.014
180.677
178.511
179.383
175.161
183.366
185.603
175.342
174.104
176.123
183.812
178.375
183.498
185.231
183.812
179.868
186.046
174.104
182.685
186.228
178.183
175.204
181.389
185.301
176.024
179.262
184.348
176.411
187.014
174.104
176.831
187.014
175.256
185.231
185.603
185.603
177.362
176.751
180.71
176.831
175.688
183.117
181.389
176.285
173.322
172.843
175.322
179.002
179.39
183.498
183.778
187.014
174.96
183.366
176.588
187.014
183.684
173.322
173.322
176.411
176.831
172.645
179.868
185.665
182.899
187.014
175.954
185.873
174.486
182.871
187.014
175.107
183.498
182.407
175.204
180.521
183.154
173.899
177.713
186.82
186.857
185.603
185.53
184.016
183.561
186.442
177.361
175.63
177.832
177.327
185.603
175.63
186.478
171.494
174.149
177.713
184.666
183.812
183.498
185.667
186.593
187.014
183.812
173.322
185.603
183.498
172.839
184.384
187.924
177.327
186.82
185.1
185.603
187.014
175.134
181.389
178.371
180.854
187.014
185.873
185.504
183.498
179.892
185.873
183.498
181.069
179.868
185.231
186.583
181.389
184.187
177.855
172.553
187.014
176.563
183.498
184.721
182.415
185.867
177.713
187.014
178.45
176.351
176.831
174.104
183.828
175.935
183.812
184.456
177.208
181.389
185.667
176.341
176.563
187.014
182.978
172.553
176.423
183.149
186.711
180.24
177.762
187.014
183.498
179.338
179.215
185.68
180.908
181.296
177.713
182.653
176.691
185.603
181.389
174.104
175.342
187.014
183.498
177.332
182.248
181.425
175.628
180.576
185.54
178.511
177.682
179.868
173.984
183.498
183.498
176.831
185.762
176.351
187.014
179.201
176.285
175.694
176.285
174.521
177.713
175.937
177.713
177.362
181.389
185.873
182.173
186.046
185.603
185.53
183.498
177.095
177.402
174.521
175.255
186.921
187.014
185.211
176.563
177.196
187.014
176.831
176.396
183.498
182.646
181.79
180.097
174.727
183.366
185.626
187.014
181.389
174.368
182.323
183.366
183.498
175.56
185.762
177.683
172.553
185.231
179.215
187.014
174.983
187.014
181.389
174.486
183.812
175.195
173.899
175.796
177.327
183.498
183.117
185.603
185.726
187.445
176.828
179.718
183.154
186.046
185.231
175.486
183.41
176.992
183.498
187.014
186.921
183.812
185.231
184.721
184.037
173.899
174.486
174.983
183.71
177.208
181.389
183.684
179.786
185.217
175.171
181.389
183.498
176.285
185.873
174.236
185.68
183.498
181.599
185.083
183.812
178.218
181.389
174.149
183.498
186.228
185.603
183.498
185.603
187.014
175.131
176.992
183.498
176.65
186.711
175.423
179.826
175.448
177.713
177.981
177.723
176.035
177.678
175.788
173.322
175.181
185.231
187.014
177.973
176.351
177.637
185.873
185.53
185.603
183.498
183.498
183.498
176.508
187.418
180.771
183.784
174.236
174.104
174.486
185.603
172.645
176.699
176.563
176.285
177.361
176.285
183.812
185.231
173.048
186.711
175.161
183.784
175.262
178.362
186.228
181.962
176.563
177.362
182.421
185.873
187.014
178.835
185.603
185.626
182.871
174.104
181.389
184.833
181.822
178.177
176.992
177.713
187.418
184.016
176.563
177.942
184.721
174.149
185.873
182.421
174.523
184.574
181.389
174.149
174.856
183.498
174.224
177.942
184.348
186.82
180.193
185.609
186.82
181.389
185.301
181.995
174.104
184.399
183.684
176.351
174.104
185.867
177.682
183.498
181.407
174.486
183.366
183.498
181.389
175.982
185.603
177.637
180.765
187.192
183.771
176.285
183.498
181.715
178.806
181.389
183.498
174.321
176.077
186.036
174.149
186.813
175.181
173.899
173.262
172.645
181.389
176.407
181.389
177.824
186.478
187.014
177.832
187.014
175.63
179.868
175.181
186.478
185.626
186.478
186.711
181.995
175.586
177.713
176.123
183.366
185.603
184.037
183.366
175.796
178.16
177.332
184.88
184.833
175.225
183.498
175.731
186.3
186.979
177.683
186.82
187.014
175.788
184.468
177.365
179.351
174.018
176.077
184.378
185.667
184.599
187.014
184.348
175.861
183.366
174.974
187.014
175.195
186.589
183.498
173.899
184.386
176.563
177.362
177.83
183.168
187.014
184.401
181.389
176.123
177.815
174.82
184.666
187.014
179.248
179.589
182.871
181.958
176.021
183.498
183.498
176.123
183.498
178.511
183.812
177.713
187.014
185.231
185.211
176.308
185.231
174.486
175.628
177.713
187.014
184.721
183.498
182.871
185.437
178.511
184.727
186.857
187.418
177.664
178.991
174.236
183.812
174.149
176.831
185.603
183.498
184.074
183.366
175.077
180.047
179.215
176.982
186.74
186.478
183.334
182.518
178.108
186.228
175.771
184.727
185.231
177.94
177.975
187.014
187.014
187.014
183.812
185.873
185.603
185.574
180.447
185.867
184.721
173.763
175.84
181.599
187.014
183.812
185.54
178.596
177.633
184.609
183.812
181.069
181.735
183.498
186.101
185.781
172.843
185.873
174.149
186.478
177.208
181.389
183.784
184.721
186.128
183.812
181.304
175.788
185.035
187.014
176.563
185.301
183.545
184.574
179.08
183.812
176.423
186.478
176.992
180.71
178.511
172.553
181.389
172.553
178.108
180.71
174.104
184.721
174.78
178.177
181.696
181.45
176.508
181.084
176.563
177.713
185.626
179.868
174.104
174.727
181.389
184.721
185.571
183.498
187.014
174.104
183.117
188.897
175.486
183.366
183.876
176.563
179.826
185.603
185.227
186.046
174.741
183.812
185.231
183.498
176.828
177.683
178.375
181.389
183.498
185.603
187.014
176.338
183.498
173.322
175.796
179.869
176.285
176.021
187.014
176.563
185.603
183.71
187.014
178.511
178.511
177.694
181.069
185.603
174.845
181.389
185.603
178.177
176.285
179.981
183.498
186.82
180.061
183.245
179.868
176.831
184.727
179.905
176.285
181.609
186.711
175.771
182.697
183.344
175.181
173.899
176.285
173.322
183.366
176.204
186.857
187.014
174.018
184.666
188.664
186.442
181.084
183.498
176.396
186.979
185.231
183.498
181.197
183.914
177.713
181.389
177.327
172.553
177.017
187.014
185.873
176.831
186.82
175.117
180.798
184.996
181.609
177.362
178.806
175.788
187.014
183.812
174.149
185.626
178.281
180.097
187.014
186.583
183.812
180.81
177.054
187.418
177.276
179.892
176.563
184.12
176.204
176.021
175.566
176.563
180.747
181.389
183.366
177.713
175.937
183.764
172.993
185.006
186.42
182.367
183.812
185.231
185.262
183.154
187.014
183.366
181.464
184.721
177.682
178.108
180.677
174.521
177.713
178.039
177.637
179.39
187.014
177.942
183.498
181.521
179.718
187.014
185.217
183.498
177.701
183.498
183.498
185.603
186.82
176.831
185.873
186.82
185.603
173.322
179.231
175.429
177.713
187.405
186.857
179.868
174.236
176.563
186.82
174.521
179.826
176.67
179.786
178.806
183.498
174.486
186.82
176.671
185.667
174.521
174.149
175.139
180.006
174.486
185.603
183.366
176.308
179.215
178.108
174.149
184.456
173.991
178.108
175.149
174.236
176.375
184.492
183.334
177.327
179.277
186.3
174.983
173.608
174.368
177.327
177.196
174.406
181.801
185.873
187.405
186.711
177.058
187.014
187.014
183.498
185.603
177.713
176.285
183.366
177.713
174.486
174.223
177.713
183.498
183.812
174.063
187.014
179.278
187.014
181.389
174.104
186.82
185.194
177.713
181.389
176.832
184.222
185.349
187.014
184.721
177.327
187.014
175.353
174.104
176.285
175.195
183.498
186.82
184.384
177.914
177.832
176.204
173.763
176.563
183.812
186.82
179.956
176.563
175.181
185.867
183.378
185.603
182.603
177.713
175.796
177.362
185.231
187.494
178.991
185.626
177.327
183.498
174.149
177.713
183.498
183.498
183.288
177.682
177.713
183.135
185.116
178.108
187.014
181.609
187.014
176.563
185.603
180.677
181.407
187.014
176.563
177.713
174.236
183.366
175.903
187.405
185.625
178.511
183.498
175.796
187.014
185.625
183.784
186.42
174.223
172.553
188.664
185.867
185.603
182.326
184.833
177.332
183.498
177.327
175.37
177.44
175.303
179.786
175.63
175.788
184.187
174.149
183.498
175.657
183.405
185.603
182.18
183.778
176.351
183.498
177.361
177.683
183.812
175.149
187.418
187.014
179.338
177.713
183.168
174.486
183.812
181.389
181.822
183.812
177.713
186.801
178.509
178.089
185.68
172.843
183.98
178.724
183.498
182.323
173.769
177.789
185.603
182.415
185.603
185.603
181.843
175.077
177.88
182.559
175.181
184.869
177.362
183.812
181.568
175.788
175.796
183.498
179.021
184.721
185.873
185.231
183.594
185.603
185.54
173.034
175.796
176.351
185.231
180.006
175.255
176.563
174.521
187.014
184.721
179.742
183.498
185.231
173.899
182.367
175.628
186.979
187.014
186.82
176.831
181.389
183.366
177.327
174.521
177.966
185.231
185.603
172.843
183.693
183.778
185.231
179.942
176.423
186.3
179.868
175.771
177.058
183.812
185.603
185.437
187.014
174.149
187.014
183.366
186.82
181.389
178.4
183.498
187.014
183.71
179.786
177.196
185.603
175.903
174.825
181.464
176.249
184.721
187.014
184.316
176.831
174.727
184.12
181.389
181.389
184.528
178.511
178.596
182.173
176.423
174.236
173.668
172.839
173.899
185.609
186.82
172.842
185.924
174.104
176.563
186.82
185.231
177.208
181.993
187.014
187.014
174.631
185.603
173.034
173.899
173.763
183.498
186.749
184.941
187.014
187.014
186.857
175.788
185.603
176.968
178.108
183.498
174.236
177.701
187.014
177.054
179.201
175.63
183.812
176.308
176.299
185.625
176.652
183.366
184.721
179.25
172.553
184.05
183.498
186.82
174.521
186.464
183.595
184.666
186.583
185.603
183.344
177.073
185.231
183.366
183.498
183.764
176.992
180.576
182.85
185.603
177.694
186.228
183.359
185.603
178.004
183.754
185.873
187.418
182.421
187.014
187.014
177.327
186.228
173.899
185.603
185.603
176.316
176.563
184.348
185.084
179.39
174.573
174.302
176.077
185.625
187.014
183.812
183.812
184.833
184.386
184.833
187.014
185.603
183.545
185.873
187.014
180.939
187.014
185.231
183.784
177.678
186.228
178.451
185.74
183.812
176.563
175.181
174.224
181.389
182.751
184.016
178.511
175.688
184.348
183.498
176.204
176.563
184.035
176.09
185.231
183.498
185.54
186.508
183.71
185.867
173.941
186.82
185.603
183.405
186.979
187.557
181.389
174.104
185.603
183.405
176.285
185.595
177.327
177.327
176.083
177.327
185.603
179.25
179.383
187.924
186.637
176.992
176.375
178.511
183.498
176.285
183.359
186.009
185.603
183.498
187.014
183.366
185.231
181.389
182.618
184.402
176.563
179.235
177.708
182.248
174.236
183.333
176.563
179.423
186.228
178.36
187.014
175.181
176.338
174.486
175.155
181.389
176.563
183.366
186.228
176.563
178.108
183.41
186.82
187.014
174.104
180.909
183.812
176.831
185.603
176.204
187.014
177.789
172.645
183.344
181.069
176.351
181.389
183.498
187.014
181.389
177.327
183.154
178.806
175.727
187.014
178.609
183.498
186.098
187.014
183.277
183.498
175.845
179.825
173.262
175.131
173.899
179.786
187.014
181.389
174.694
185.54
179.718
183.498
176.123
184.936
181.389
174.018
185.866
175.566
185.301
178.511
175.181
185.603
185.603
178.108
174.481
177.332
185.301
173.048
179.383
174.486
187.699
184.609
187.39
176.508
179.826
187.014
175.626
176.123
175.771
175.155
177.694
183.498
178.471
187.014
185.231
176.508
174.236
182.84
181.389
183.784
183.498
176.831
184.754
177.791
187.418
187.39
185.803
178.511
185.603
185.231
181.306
185.603
185.661
183.947
187.014
183.498
179.107
178.596
184.721
181.958
183.683
178.108
177.637
185.603
186.857
187.014
186.094
175.423
174.521
183.693
187.014
176.508
183.366
182.515
177.682
175.181
187.014
179.713
176.204
175.181
176.691
174.302
187.014
176.321
187.014
173.899
174.236
185.54
185.603
185.603
181.663
183.784
176.396
177.327
176.285
177.052
183.812
181.389
176.563
173.899
176.831
175.131
184.829
183.366
174.104
173.899
187.014
185.603
185.812
178.45
172.553
185.394
177.327
183.117
177.365
183.498
185.626
181.459
185.301
182.538
181.609
185.603
178.846
185.231
172.823
177.008
176.423
174.521
176.09
184.254
183.812
183.812
183.498
177.637
186.637
174.063
187.014
177.327
175.566
176.881
185.084
183.812
183.498
183.684
185.867
174.104
177.196
174.149
176.508
185.403
185.266
176.647
181.389
183.812
187.014
186.046
178.596
181.801
183.498
175.484
175.788
184.721
186.82
178.45
186.82
185.603
176.285
186.478
181.79
187.014
187.014
181.389
178.991
175.204
174.149
185.143
173.899
184.609
173.899
175.162
181.79
177.713
184.05
176.721
183.498
185.603
177.637
183.366
187.418
185.603
185.603
185.083
183.098
187.014
185.603
183.498
175.181
183.58
184.348
184.037
183.405
176.563
183.812
187.014
176.285
180.499
175.423
186.478
187.014
187.494
187.014
186.979
183.376
175.579
174.321
185.603
173.37
177.327
182.871
176.563
177.789
174.104
176.096
181.389
183.71
181.609
187.014
182.323
185.603
178.177
185.603
183.594
176.306
176.123
183.366
183.498
176.394
183.684
173.593
180.436
181.389
175.119
174.149
180.425
174.104
175.181
185.548
185.603
184.384
180.339
175.796
187.014
178.325
179.355
183.498
185.603
179.905
175.63
183.366
176.831
186.857
186.57
185.69
174.486
181.389
176.508
178.208
186.3
183.71
177.208
184.003
183.771
183.117
178.511
178.511
183.366
183.366
180.255
180.351
176.671
175.369
183.498
181.333
174.236
173.899
185.924
187.014
183.366
185.54
185.262
186.82
186.442
175.181
179.794
182.407
180.677
176.229
174.149
184.316
179.944
185.581
176.285
175.691
181.389
184.652
178.971
179.423
176.974
180.854
174.839
185.873
184.721
187.014
184.721
176.285
181.069
183.812
183.498
176.285
179.899
179.816
174.149
180.061
182.326
174.104
179.826
185.603
179.126
185.231
183.344
180.425
176.341
185.301
180.939
178.511
185.603
176.699
179.338
177.365
183.498
188.232
178.177
184.016
178.45
179.868
177.713
178.717
185.231
176.204
183.498
176.563
186.82
177.327
174.236
182.323
175.423
178.108
177.713
183.149
176.563
182.323
185.603
174.523
174.486
183.366
177.713
184.037
179.713
172.823
174.104
179.589
177.713
177.327
183.498
183.498
174.249
181.79
176.563
187.014
186.82
177.88
183.647
177.763
179.929
175.954
176.665
181.389
174.521
185.873
187.418
185.301
182.705
177.507
173.322
176.351
184.599
181.389
185.083
183.117
175.149
187.39
185.626
181.389
178.596
185.835
177.196
178.007
177.44
183.072
183.498
188.421
178.785
186.313
185.603
179.021
185.603
182.816
185.231
183.498
183.71
181.389
178.45
183.366
181.909
174.486
185.704
185.603
183.072
185.873
185.301
183.498
174.104
174.845
176.563
183.498
184.084
172.553
185.603
181.389
177.678
176.699
174.486
186.82
174.236
184.384
187.014
187.014
181.316
177.694
181.915
185.231
178.177
179.248
176.563
185.867
177.678
181.389
174.727
176.563
175.982
177.574
174.82
177.332
175.566
173.322
176.123
185.489
183.366
174.521
178.86
180.061
185.231
182.871
184.721
185.603
183.498
179.905
187.014
183.498
177.637
172.553
184.721
179.39
182.899
174.593
177.428
183.498
174.486
185.603
186.82
172.553
178.547
183.812
185.603
174.486
177.327
187.014
187.014
181.069
172.553
176.831
177.327
182.603
183.366
186.711
187.014
183.498
186.478
174.486
186.309
176.788
180.193
187.014
184.721
174.104
177.708
182.248
184.833
173.763
181.304
185.231
183.366
183.545
177.327
185.873
186.82
181.389
187.014
185.603
175.119
187.014
173.237
184.384
179.383
183.366
184.391
187.014
187.014
175.181
173.034
183.498
184.599
186.82
176.883
180.708
172.553
177.362
186.82
183.498
187.014
186.82
176.285
184.037
184.833
185.603
183.498
177.88
177.362
185.301
187.014
185.603
176.411
181.715
183.812
174.368
173.322
180.013
183.498
175.56
182.685
176.58
185.74
185.231
183.536
183.812
177.713
180.752
185.423
174.478
186.637
181.389
173.685
186.672
185.873
187.418
179.825
183.498
181.79
174.149
178.717
185.603
177.832
178.108
184.262
176.285
185.54
183.366
175.788
185.603
172.553
185.923
183.498
173.322
179.869
175.204
179.552
174.223
185.603
181.599
175.181
183.498
175.688
185.626
186.82
173.899
176.285
174.321
173.608
175.586
186.82
183.405
179.082
179.929
185.231
175.119
175.63
176.285
179.826
183.498
184.567
174.236
176.123
176.979
175.155
181.963
186.228
183.149
183.683
183.498
187.326
185.961
178.212
186.407
174.321
185.603
185.571
187.014
185.143
187.346
187.014
176.915
176.751
176.021
183.71
175.181
176.204
185.603
185.231
175.861
177.832
186.857
177.694
176.411
185.603
185.603
185.873
180.236
183.498
183.812
173.322
178.01
185.53
178.849
188.384
185.603
184.721
174.727
176.285
177.327
183.498
185.603
184.721
176.285
183.366
181.389
184.05
183.684
175.788
185.231
179.826
175.788
184.721
172.553
186.82
183.498
179.868
184.254
177.208
182.323
185.873
183.498
181.609
183.498
185.603
184.468
174.486
185.54
184.721
180.193
186.82
181.069
187.014
179.981
183.812
184.721
185.603
185.084
175.796
176.742
174.236
187.014
183.366
179.718
187.014
174.486
175.162
185.231
185.603
179.718
185.873
177.713
174.104
184.721
185.54
186.82
176.423
181.389
173.899
182.421
176.563
183.498
186.478
180.066
183.498
185.603
180.677
183.498
177.008
174.104
177.682
176.285
181.975
179.39
174.239
176.992
184.721
178.791
180.71
174.521
172.553
186.478
174.104
187.014
183.498
173.899
176.563
185.603
178.717
187.014
184.023
181.197
177.762
184.609
176.563
176.351
182.015
184.721
185.231
181.79
176.968
176.348
176.285
174.321
183.498
176.204
175.861
183.333
185.603
184.384
179.215
179.868
181.744
179.718
175.37
187.014
178.511
177.713
183.693
184.901
181.79
183.812
175.162
183.366
188.516
177.973
180.236
183.405
184.386
183.498
185.603
183.366
183.199
186.228
175.771
185.603
173.014
175.63
186.82
187.014
177.789
177.327
181.744
175.181
186.82
175.63
187.418
173.899
175.181
185.603
183.498
185.115
175.796
176.285
179.338
187.014
187.014
187.014
186.82
184.721
173.899
180.908
175.903
174.236
185.603
186.3
186.711
186.82
186.711
174.104
176.563
187.014
186.763
183.498
187.014
181.475
177.942
183.647
178.105
180.578
187.014
187.014
177.701
175.796
183.498
177.017
187.014
173.899
183.498
179.361
175.181
176.036
173.899
173.322
177.327
179.126
183.647
177.054
185.231
176.769
187.39
182.757
185.603
178.712
183.366
181.389
185.141
176.407
175.796
187.014
187.014
183.498
176.946
177.713
185.603
183.366
172.553
183.498
183.498
183.684
186.711
185.217
186.478
187.014
185.603
183.498
177.694
178.208
187.014
187.014
175.486
187.39
186.593
185.704
176.699
176.67
175.171
181.389
175.077
183.366
184.037
180.006
183.498
177.361
185.603
179.929
175.077
183.498
176.308
175.731
177.791
183.812
187.014
175.628
183.778
174.521
180.677
174.621
173.048
178.45
175.181
183.072
177.327
186.82
181.389
181.069
185.873
181.79
173.899
177.361
175.903
181.389
184.721
174.149
176.285
178.45
187.014
176.563
177.88
187.014
176.285
176.691
177.054
173.322
173.322
175.149
175.37
183.498
176.09
183.498
176.411
187.014
181.882
174.521
183.498
177.362
184.666
173.322
178.511
179.126
185.603
186.857
181.389
185.67
182.84
187.014
176.831
174.521
175.181
179.929
187.014
179.868
181.663
175.077
185.609
185.873
187.014
185.231
180.854
177.762
175.845
174.78
183.71
187.014
176.974
173.322
178.511
185.603
173.939
174.631
183.498
177.327
183.498
178.511
174.726
177.556
183.684
181.069
175.181
186.478
184.666
185.873
183.784
176.915
175.796
176.285
177.327
183.812
183.498
184.922
175.255
185.603
183.366
174.104
187.014
187.014
176.831
181.389
183.366
184.537
185.581
186.82
180.854
186.82
177.762
183.812
183.812
183.498
176.285
178.108
185.626
187.418
173.322
176.508
180.878
184.721
184.721
183.693
177.362
183.498
183.498
176.308
176.992
183.366
177.362
175.077
185.0
172.838
178.991
187.014
179.892
186.228
177.44
187.405
177.238
175.796
179.868
186.478
177.713
178.501
187.014
175.771
174.104
178.492
175.077
183.498
176.696
184.05
185.867
175.181
172.553
186.637
184.879
185.603
176.204
176.423
189.08
182.407
176.302
185.595
185.603
183.812
184.833
186.965
182.248
177.361
174.922
177.058
183.334
185.603
185.603
176.563
184.833
179.868
174.104
187.014
184.869
179.423
177.327
174.255
181.609
187.014
187.014
175.727
183.912
182.464
173.819
177.765
174.974
178.511
177.973
177.688
174.224
179.232
185.603
183.498
186.556
181.389
183.405
174.521
174.922
187.014
178.4
176.563
178.971
183.072
177.824
186.411
174.239
184.754
185.603
185.231
184.023
185.595
181.389
183.71
184.037
183.498
183.812
184.721
186.711
176.831
180.013
183.359
186.672
174.149
176.563
179.615
185.0
175.792
179.027
177.327
180.878
173.322
186.478
183.366
174.018
181.389
183.914
185.603
180.71
183.498
175.486
179.868
186.442
173.899
181.389
185.873
186.556
184.925
175.861
181.79
187.014
176.09
183.405
176.563
185.603
184.727
178.991
187.014
187.42
183.366
180.163
186.749
183.684
185.54
182.202
181.744
175.594
185.603
173.899
176.351
187.418
176.563
185.0
175.204
183.117
185.603
185.581
183.498
185.231
187.014
187.014
180.003
182.515
175.771
185.603
174.035
174.149
177.327
184.513
185.873
183.71
177.362
181.389
172.553
184.12
175.181
183.498
176.336
185.873
184.384
178.993
176.035
175.63
186.857
174.149
177.931
187.494
185.873
180.236
176.351
181.464
180.236
185.603
181.389
174.727
187.014
176.285
183.366
179.77
184.721
179.021
179.027
177.832
174.621
183.498
174.486
175.861
174.236
185.667
172.553
187.014
175.927
186.228
183.812
175.077
178.596
187.014
186.82
183.784
174.486
183.344
184.254
177.402
184.869
187.014
187.014
174.149
181.389
174.486
177.327
183.41
177.955
186.979
183.812
187.39
187.014
187.014
174.236
186.624
175.861
174.018
180.677
173.322
186.228
180.576
187.014
185.665
176.035
185.231
176.338
175.688
184.378
181.389
180.677
175.423
183.199
176.883
183.812
185.54
181.89
178.254
179.868
185.603
177.713
184.721
181.958
185.231
183.498
184.328
177.008
175.423
177.973
172.993
175.181
176.831
175.566
176.831
180.578
181.744
180.708
179.944
175.181
187.014
178.208
183.498
181.609
180.897
176.996
180.677
172.553
180.368
184.666
178.772
178.991
172.645
183.812
180.425
183.063
178.511
185.867
175.037
177.637
174.236
176.285
186.478
177.694
185.603
177.701
172.553
183.359
175.628
183.498
186.637
185.194
172.843
181.389
185.53
187.014
183.498
181.197
181.389
187.014
179.215
186.857
185.603
185.68
187.014
177.701
185.143
177.196
179.826
186.407
184.721
177.574
181.389
176.123
179.478
181.958
180.677
187.014
183.812
176.375
183.089
183.812
174.321
179.552
185.231
183.561
180.939
173.991
187.326
186.478
176.563
185.231
179.899
180.193
183.784
183.573
185.231
177.362
185.625
186.711
183.812
187.014
186.478
187.014
185.726
183.764
186.624
177.208
183.812
187.418
175.63
185.603
187.014
183.366
181.389
185.231
178.511
179.361
174.486
183.498
176.563
177.327
186.82
181.789
176.563
186.556
173.086
176.563
187.014
175.423
173.086
185.603
174.236
183.366
184.721
183.249
186.407
186.82
183.359
173.899
180.677
174.063
181.389
176.699
183.691
187.39
174.104
176.996
176.828
183.683
183.366
186.228
185.504
175.37
185.835
185.231
174.486
177.713
176.285
181.958
179.826
183.812
185.68
181.963
179.976
174.858
183.117
185.603
179.589
176.831
177.713
174.236
186.228
184.721
186.478
186.442
177.362
183.784
185.231
178.511
175.788
174.049
176.021
181.389
183.498
185.603
176.036
183.366
186.228
185.231
185.603
172.553
183.498
177.713
177.332
183.366
179.713
181.389
179.114
185.603
174.149
185.53
183.498
188.664
187.014
176.563
177.327
187.014
182.173
187.014
175.423
180.006
186.624
187.014
183.366
185.873
185.231
180.255
185.231
185.231
173.899
186.478
176.351
183.498
174.149
175.691
175.691
175.037
186.478
184.721
185.704
181.909
179.718
183.545
183.761
184.996
174.236
183.366
177.713
185.873
176.338
176.699
179.262
176.204
173.668
187.014
179.08
185.231
177.713
181.389
179.082
177.855
181.882
187.014
173.941
185.603
184.721
174.742
179.361
175.037
173.941
175.927
185.866
185.603
184.754
183.072
186.478
185.603
181.861
181.389
175.484
177.327
185.116
184.037
181.958
187.014
183.812
176.285
185.626
175.204
187.418
172.553
171.933
180.578
178.609
181.333
176.974
176.563
182.323
187.418
187.014
177.942
185.603
186.82
185.231
176.831
176.699
186.046
187.924
174.236
187.014
183.498
175.657
176.285
185.0
176.336
185.603
183.366
187.014
186.228
183.764
175.195
181.389
177.327
174.983
177.361
183.498
183.498
187.924
184.609
186.711
181.958
185.694
186.478
185.217
176.286
184.05
180.677
185.603
185.603
185.626
185.603
180.677
183.117
186.763
183.149
173.69
177.637
182.339
173.322
187.014
185.231
174.922
177.332
185.603
185.571
179.826
186.82
185.923
181.389
187.39
185.231
186.711
185.603
180.878
183.812
182.835
183.784
183.366
176.563
175.181
176.204
183.683
173.415
181.296
185.603
187.014
182.421
187.014
181.389
174.104
185.873
186.711
183.828
179.868
175.484
185.603
186.31
183.498
177.327
185.231
180.972
175.63
177.362
185.603
187.014
174.727
186.228
178.547
185.603
177.697
174.486
179.749
176.308
179.868
183.784
183.149
178.177
176.09
183.498
187.014
175.181
185.667
172.553
177.327
185.867
174.104
185.231
177.713
179.338
175.131
175.486
187.014
183.359
185.746
187.014
186.577
173.563
176.563
187.014
177.327
176.285
187.418
186.82
176.497
175.181
179.201
185.603
183.498
185.231
181.79
185.873
185.873
181.389
183.366
186.711
177.332
180.066
186.763
185.231
175.788
176.285
187.014
185.231
187.014
182.84
185.54
175.63
183.498
172.497
183.117
183.498
178.177
181.389
180.708
182.202
185.603
175.861
176.123
174.149
185.726
185.603
177.713
174.104
185.603
185.603
178.105
173.262
179.868
173.262
186.556
176.123
173.899
180.576
176.285
185.609
183.498
176.563
175.153
177.357
175.037
175.181
178.991
175.796
174.486
173.262
185.873
183.498
183.498
183.71
176.123
183.498
186.82
174.82
174.149
185.667
186.478
186.711
183.498
175.423
183.366
175.85
177.361
174.478
186.82
182.559
183.366
178.208
186.749
177.713
187.418
178.772
187.014
173.322
185.603
179.826
174.104
175.303
179.868
179.338
183.498
175.181
174.104
177.362
183.359
186.979
185.609
180.061
187.014
176.229
174.149
174.149
183.812
177.713
185.231
183.498
177.698
185.595
180.066
175.861
183.498
177.713
185.603
177.196
187.014
185.603
177.327
175.903
183.498
186.478
187.014
182.816
186.82
179.826
174.023
177.682
184.666
175.788
183.58
187.014
182.314
185.603
176.396
181.744
177.058
176.308
173.899
173.034
175.704
186.311
185.603
184.721
180.71
175.796
179.826
186.711
174.727
182.685
175.691
183.545
185.603
177.713
185.873
177.832
174.149
176.563
172.839
185.571
183.784
176.563
183.366
184.869
173.899
185.873
184.833
173.662
179.868
181.304
174.321
177.327
186.624
172.553
183.812
177.942
173.494
185.231
176.831
185.873
178.451
187.014
174.353
181.744
176.8
181.389
185.867
187.014
187.014
177.327
185.231
175.861
176.285
185.231
174.149
178.849
184.05
174.018
177.058
186.478
177.327
185.231
186.478
177.88
185.53
187.418
180.24
176.563
177.635
182.451
176.563
187.014
181.843
184.083
172.838
187.014
172.553
184.721
175.097
179.646
176.563
174.018
183.529
177.701
185.055
185.603
181.389
183.344
184.721
185.54
183.812
175.37
176.563
179.905
177.832
176.348
181.069
181.389
177.682
186.82
181.389
179.08
185.603
175.397
182.326
176.831
183.812
174.018
188.226
183.812
173.899
183.812
179.215
176.147
187.014
187.014
175.788
177.332
175.281
186.046
185.231
177.713
183.168
176.077
183.812
176.351
183.366
185.873
181.304
175.935
177.713
185.571
187.014
176.647
184.597
179.719
180.708
177.713
176.563
175.181
187.014
185.1
175.742
179.826
184.254
177.934
182.596
186.637
183.117
187.014
176.18
184.05
177.664
185.603
183.498
178.292
181.389
182.515
184.936
186.046
184.597
185.227
182.84
183.498
182.323
179.718
174.104
176.285
176.647
176.328
187.014
185.638
187.014
183.498
183.545
181.389
185.194
183.498
175.927
176.285
185.867
186.478
172.553
184.833
177.008
185.231
185.678
184.037
186.478
175.077
185.603
184.808
173.785
185.603
174.96
186.82
187.014
174.236
182.323
179.215
183.498
184.721
186.857
181.389
185.873
174.149
179.25
179.126
183.812
187.014
177.942
172.553
180.747
176.348
182.407
185.706
178.291
177.713
177.332
182.871
174.104
174.845
175.097
183.71
178.991
186.82
177.332
187.014
183.812
183.684
177.058
178.108
179.248
182.156
183.498
185.924
183.366
180.972
180.708
187.014
184.254
177.713
177.762
175.181
178.766
174.478
183.498
182.697
183.71
176.285
172.553
187.014
173.322
186.921
176.563
174.104
175.195
186.711
177.832
186.478
184.553
177.633
185.603
176.285
183.498
186.82
183.784
181.069
185.231
178.772
185.581
183.498
173.322
185.231
174.321
187.014
178.216
178.108
181.104
186.711
186.31
185.334
176.204
185.866
183.498
174.631
185.873
176.563
183.812
183.903
177.362
176.285
179.338
179.929
183.498
178.981
182.135
176.285
181.389
184.037
176.336
173.322
183.117
183.366
184.384
187.014
177.365
181.389
176.715
185.603
173.322
175.903
183.498
183.498
187.014
187.014
184.867
178.712
186.009
177.327
185.603
185.704
177.332
187.014
175.149
179.657
187.418
174.236
187.014
177.365
175.486
179.868
187.014
178.511
183.684
179.868
176.138
175.788
177.327
183.934
187.014
172.993
174.149
177.713
186.82
184.727
179.826
184.181
176.831
181.069
184.829
182.685
183.684
182.181
183.812
178.726
183.498
176.979
179.826
183.498
182.339
186.82
181.389
176.968
183.812
176.204
177.713
183.498
178.511
174.149
183.498
179.825
179.981
185.923
178.86
179.868
185.726
183.366
187.405
179.899
186.82
183.366
187.014
183.498
178.86
181.389
187.014
186.442
185.603
185.661
187.014
176.338
176.876
174.149
181.79
176.285
172.553
181.389
176.351
178.192
181.789
179.826
185.609
173.887
186.857
183.432
183.914
175.788
187.014
176.751
181.389
176.316
177.708
180.193
183.366
187.014
185.812
185.812
174.149
178.86
177.713
181.389
184.754
184.384
183.754
177.832
176.338
177.327
179.106
179.029
179.826
185.603
185.603
178.208
186.82
186.857
187.014
185.603
174.239
174.236
174.922
187.014
184.772
183.812
187.014
178.383
184.721
176.992
185.603
180.939
187.014
185.231
181.306
183.498
178.926
178.108
172.553
185.231
175.501
183.366
180.701
181.789
187.39
181.069
177.682
184.05
175.181
178.5
176.338
185.54
175.484
174.236
184.721
176.285
176.831
173.899
187.014
176.563
175.401
177.327
183.98
175.566
185.899
174.149
187.014
177.88
175.927
176.285
183.498
178.993
185.417
174.149
187.014
181.991
179.718
183.498
183.498
177.708
183.498
184.037
177.327
180.576
174.104
179.868
186.046
177.713
179.106
183.366
182.326
181.389
185.105
186.228
185.626
183.498
183.149
174.942
179.868
188.43
184.833
183.498
183.498
186.82
176.992
183.498
178.86
180.878
178.609
183.594
187.014
179.981
179.825
183.287
180.231
181.789
175.861
175.788
177.327
187.014
174.321
181.389
187.405
186.046
175.326
182.407
173.899
183.778
175.383
177.762
179.615
177.713
177.327
185.74
183.914
185.867
180.854
173.262
185.231
179.826
176.285
185.231
180.708
175.37
185.231
185.603
187.014
186.82
179.868
177.411
181.389
186.672
177.713
187.39
175.937
175.903
183.498
181.389
172.553
185.873
181.751
175.796
183.498
181.425
181.369
178.511
179.342
175.149
183.498
186.478
182.326
185.873
185.231
183.366
185.285
175.131
181.074
183.498
177.762
177.815
177.713
185.54
178.509
187.014
183.498
176.123
175.181
187.014
185.603
182.289
174.486
187.418
186.593
175.158
173.738
185.867
185.867
176.831
174.368
177.973
176.394
174.486
185.231
175.861
183.072
185.603
179.742
176.87
181.389
183.771
177.942
185.603
179.77
176.338
175.936
174.149
177.054
181.79
181.389
183.812
176.351
183.784
185.667
175.423
173.322
181.389
181.389
187.014
174.236
185.231
183.684
183.498
185.873
183.498
181.656
188.437
177.327
189.08
183.498
183.366
181.389
187.014
179.826
174.104
187.014
183.344
186.478
187.418
175.181
184.083
183.498
180.897
174.239
177.637
185.603
174.063
181.75
183.684
174.486
177.073
176.351
178.596
176.285
187.014
185.603
185.54
176.699
181.306
185.301
177.789
174.149
183.498
187.014
183.498
174.149
178.712
177.327
184.037
174.236
183.498
184.829
183.812
183.117
177.327
178.051
186.82
175.501
187.014
183.498
187.014
187.014
174.104
181.822
179.816
185.211
181.389
181.389
180.677
175.861
180.708
183.405
182.173
182.434
187.014
175.691
185.873
185.603
174.478
177.682
175.694
182.899
185.603
183.812
181.344
174.727
183.366
175.861
176.285
180.226
181.389
176.09
185.603
183.812
185.505
183.98
178.511
187.014
180.677
180.854
174.104
181.389
178.791
177.008
182.021
176.204
185.704
179.868
179.988
181.407
179.718
184.187
183.498
186.228
179.615
183.366
186.3
181.389
186.3
186.228
181.389
180.617
183.683
174.302
181.389
183.498
175.196
185.53
181.789
174.427
187.014
176.396
175.771
177.595
187.014
177.832
173.668
186.3
187.014
174.621
180.425
184.373
186.82
177.846
179.342
180.71
179.082
185.231
184.468
176.285
186.82
187.014
183.784
181.425
187.445
176.285
186.442
181.389
177.895
183.098
174.537
180.576
185.581
174.974
175.171
182.248
184.721
178.45
187.014
187.014
176.123
183.784
178.737
178.108
185.603
182.202
181.389
185.812
187.014
186.228
183.41
186.857
175.162
187.014
174.375
174.727
185.231
184.12
180.231
185.603
185.603
177.694
177.327
177.713
183.498
183.498
175.628
187.014
176.204
183.366
187.557
185.603
186.82
183.812
179.478
178.458
183.498
185.603
187.014
173.899
186.82
175.63
183.764
187.014
183.366
174.104
183.498
174.727
179.262
185.812
182.173
176.699
184.468
184.721
183.498
179.39
172.553
173.916
185.609
187.014
186.583
185.603
174.104
182.082
181.389
175.788
176.876
185.603
176.563
183.405
174.974
174.631
183.498
177.117
182.685
180.677
174.845
183.684
177.682
179.868
183.812
182.596
182.84
185.704
180.115
183.149
174.478
177.713
180.066
186.478
177.327
180.677
186.478
185.54
183.812
183.498
179.235
184.023
185.704
177.327
179.718
182.483
186.3
173.201
177.327
185.626
185.603
183.498
176.797
175.98
178.039
174.486
187.014
175.077
176.992
174.104
185.231
181.789
176.563
178.108
184.721
182.323
177.327
177.637
180.422
183.778
174.236
184.609
185.603
181.822
174.845
186.593
175.861
175.181
183.366
182.181
181.028
185.603
184.721
184.12
185.54
185.504
175.097
177.008
184.721
184.727
187.014
183.812
186.813
183.71
177.357
185.581
177.327
187.014
187.014
183.498
184.721
186.711
177.713
174.486
175.181
178.933
181.337
183.498
183.366
183.812
179.718
184.727
182.85
183.812
185.603
174.486
174.149
181.389
175.861
177.713
183.498
174.521
185.603
185.603
182.67
175.501
185.867
179.713
181.744
176.831
175.097
183.117
186.3
173.322
184.384
184.721
184.721
183.366
183.511
177.942
185.675
182.015
176.831
185.603
179.826
186.462
185.231
177.701
176.915
174.104
187.014
183.812
186.857
178.208
183.498
176.18
187.014
178.511
177.713
179.126
175.694
174.521
182.871
176.285
178.208
183.498
174.325
173.899
175.566
186.046
185.603
177.327
185.873
187.014
184.262
185.873
176.341
183.498
175.788
185.603
184.721
175.181
183.498
176.338
187.014
179.826
176.563
183.498
174.149
176.285
176.328
184.597
183.366
182.421
177.192
179.423
183.784
183.498
187.014
185.867
174.523
177.762
185.762
175.674
174.78
185.873
182.421
180.708
179.25
185.603
177.762
183.573
185.603
176.996
183.812
173.899
177.701
183.149
175.63
180.181
179.423
174.149
174.486
183.366
184.378
185.603
186.82
185.603
174.104
173.899
180.701
175.181
184.254
187.014
180.878
184.754
175.153
177.713
175.691
183.366
182.846
185.873
176.204
182.202
183.71
180.236
187.25
183.366
186.009
187.418
174.486
174.149
183.714
182.596
172.823
177.362
181.389
174.523
186.857
180.878
187.871
185.873
186.711
183.245
175.796
185.873
180.578
184.05
177.701
177.362
177.327
179.868
183.498
178.45
183.498
174.104
176.285
184.384
181.389
175.626
176.285
184.386
187.014
185.873
176.285
183.498
183.498
186.921
175.691
175.726
176.285
174.974
177.027
175.903
187.014
177.327
176.123
183.498
176.668
177.694
187.418
186.711
174.486
185.603
187.014
177.688
186.857
176.423
183.498
174.063
177.058
183.648
177.762
179.868
183.366
171.553
184.187
184.023
183.498
176.024
172.553
182.597
183.366
178.792
172.553
183.378
183.498
173.899
178.991
182.419
174.224
185.626
183.405
179.39
175.195
183.812
184.254
185.812
183.498
183.684
183.498
188.028
176.563
178.511
182.015
184.05
185.301
179.338
174.149
183.812
183.812
179.929
178.717
181.069
187.014
175.604
185.609
177.713
186.228
180.061
176.831
173.048
177.327
182.538
181.475
186.228
175.501
176.285
177.076
187.014
172.553
174.035
187.014
175.771
182.978
178.177
174.386
187.014
183.334
177.713
184.023
184.386
187.014
185.0
172.645
187.014
174.523
187.014
183.498
187.418
186.672
183.366
183.498
183.812
187.014
176.072
183.812
186.82
187.39
174.149
174.236
184.187
176.831
181.882
185.603
179.973
175.788
183.498
185.055
181.389
180.677
177.713
176.123
176.338
176.831
185.603
187.014
186.407
185.217
179.325
183.812
183.498
187.445
186.857
183.498
185.873
176.285
176.204
175.815
181.069
173.899
181.389
185.626
174.236
176.563
181.069
174.149
185.603
177.257
185.867
176.831
184.727
174.063
183.378
179.826
177.327
185.53
177.698
185.603
182.603
181.389
185.603
173.899
187.014
182.323
185.194
174.631
185.603
176.992
183.498
180.524
177.362
183.366
181.609
187.014
172.823
186.82
178.511
181.475
174.537
183.812
177.257
176.123
185.603
185.867
180.166
173.322
185.603
178.717
176.563
177.762
177.683
176.285
177.713
185.873
183.71
181.389
181.389
174.149
174.149
176.285
177.981
178.45
183.78
181.389
183.904
187.014
176.123
173.899
175.861
185.873
184.023
184.721
181.521
185.661
185.603
177.327
177.362
183.366
178.108
184.833
179.39
184.711
176.831
179.107
176.351
185.603
177.713
179.826
186.228
185.704
187.014
178.375
176.423
183.812
180.368
173.608
176.285
181.656
176.653
175.859
183.366
176.915
178.785
176.308
185.301
183.498
174.353
187.014
183.498
179.868
177.327
173.322
186.672
177.694
175.691
181.963
177.227
176.644
185.211
187.014
181.464
174.521
187.014
174.96
176.351
185.603
179.826
175.566
185.603
183.498
182.603
175.322
185.231
183.498
180.677
181.389
178.16
174.922
185.231
183.498
175.322
185.625
183.71
185.873
175.688
186.478
187.014
180.003
176.285
185.603
183.405
180.066
180.87
174.96
175.788
185.231
176.308
173.262
176.308
173.056
177.327
172.553
188.437
185.603
185.603
184.352
176.179
183.498
176.348
185.603
174.149
183.498
181.389
183.498
186.046
173.322
175.195
185.54
175.077
177.981
179.259
177.713
183.498
181.79
180.798
183.333
183.498
178.785
179.749
186.478
185.74
175.63
179.981
183.498
174.669
176.968
183.334
180.447
183.498
185.873
185.603
185.603
177.713
175.077
180.003
184.721
176.384
186.478
182.407
184.597
178.835
177.713
176.338
187.418
185.867
173.899
177.086
187.014
185.867
183.498
179.078
181.694
175.181
184.597
175.876
187.014
175.181
185.873
182.806
180.708
174.895
184.727
179.325
186.711
172.645
183.498
177.713
173.322
181.389
187.014
187.39
178.208
185.571
183.149
176.285
187.014
186.454
176.699
187.014
180.854
177.83
175.937
185.603
184.721
174.104
186.813
184.869
174.063
174.727
186.857
177.713
174.149
178.609
185.603
186.82
173.991
179.868
174.149
176.699
183.934
186.046
184.721
179.96
178.993
183.487
183.326
175.195
179.868
172.838
176.138
174.149
177.775
186.711
185.231
181.389
175.63
178.108
179.826
177.942
174.104
187.014
174.741
176.692
174.523
178.177
175.796
184.079
183.784
182.103
186.624
177.676
187.014
185.231
174.486
185.231
183.498
176.563
185.211
184.721
174.845
177.713
175.788
183.366
183.812
179.905
183.154
177.365
185.0
183.812
183.344
184.604
175.756
181.79
186.972
182.415
187.014
174.104
175.181
176.204
183.498
176.831
187.014
183.812
183.366
184.721
185.603
184.316
176.699
177.824
176.121
173.763
183.812
175.181
180.066
177.332
183.784
174.104
176.204
177.713
177.027
181.389
174.486
177.824
174.486
176.351
180.578
183.812
185.704
181.843
179.126
183.405
182.653
181.389
179.718
187.014
183.366
175.566
176.285
187.39
184.037
187.39
173.899
187.418
177.88
179.742
173.322
187.014
183.684
178.609
177.713
174.063
184.721
185.301
177.713
178.252
187.014
186.711
185.603
183.828
181.296
173.048
185.873
176.179
183.366
183.344
175.077
176.407
184.869
187.014
183.498
174.615
187.418
179.589
172.553
175.141
184.721
186.82
185.603
183.812
177.713
176.982
185.726
185.603
177.249
186.478
185.603
176.204
176.979
179.9
176.563
175.37
187.014
175.691
185.603
185.704
185.54
181.407
185.301
183.812
176.285
174.236
186.228
187.014
181.389
174.573
183.812
184.079
177.362
187.014
174.82
187.014
187.014
181.389
185.603
176.992
178.216
183.366
183.498
183.498
173.262
187.014
181.049
187.014
177.698
185.437
185.609
183.366
184.037
175.181
183.498
176.341
183.812
176.831
183.812
174.486
177.762
186.82
183.498
183.684
183.812
179.231
179.589
185.437
173.685
174.018
183.812
180.193
179.825
178.108
185.301
180.878
178.16
183.812
181.389
175.218
180.087
181.598
181.389
186.711
174.486
180.51
185.54
174.486
177.556
175.63
181.389
185.867
174.104
179.981
177.682
186.478
183.498
185.603
181.389
180.708
177.713
182.899
187.014
174.486
180.305
174.486
183.219
184.348
177.196
185.867
178.398
187.405
177.713
179.868
180.115
180.193
179.976
176.204
175.162
181.389
184.721
175.731
181.296
178.677
186.442
176.285
183.71
174.486
185.231
185.603
175.726
185.603
175.688
174.249
185.581
176.076
180.193
183.784
183.778
182.326
175.688
175.077
173.763
183.818
185.812
183.498
175.149
185.609
183.684
179.749
174.325
185.78
175.204
177.832
185.603
187.014
176.423
183.498
185.873
175.63
180.972
184.721
181.389
185.866
183.498
185.609
181.389
181.389
185.194
185.143
171.933
186.478
174.149
186.624
177.327
173.322
176.301
175.927
186.228
184.12
187.014
175.204
183.359
183.545
181.389
181.389
183.764
172.553
175.085
183.26
177.327
186.82
177.633
185.096
183.41
185.812
175.37
177.713
183.498
185.603
181.683
186.046
183.947
185.873
178.45
174.727
185.505
180.71
179.868
183.764
176.285
180.447
179.248
179.361
179.126
180.652
176.699
184.666
173.899
185.603
185.873
181.389
174.149
175.63
183.812
183.498
183.498
175.097
183.498
173.322
186.478
175.149
175.322
175.136
177.637
173.899
187.014
183.366
187.014
174.104
183.366
188.437
176.831
185.603
187.418
185.626
183.498
183.498
183.498
180.193
177.682
179.435
184.604
176.285
185.595
180.677
185.0
187.014
186.478
178.835
183.245
177.791
181.822
174.104
175.037
183.344
187.405
183.58
176.563
183.498
177.361
185.603
185.603
181.958
179.08
185.231
185.603
173.262
179.718
178.108
175.726
185.603
185.873
183.366
177.327
174.82
176.123
185.231
183.498
175.771
174.486
181.389
183.498
185.257
177.713
181.599
178.772
175.077
186.711
177.683
185.625
176.285
184.609
183.812
183.498
184.456
176.204
183.498
175.788
183.812
177.44
183.58
185.704
178.122
184.721
179.868
177.713
177.249
185.231
176.653
174.104
175.429
179.009
173.322
176.563
176.285
176.285
185.231
175.149
177.832
182.697
176.285
186.101
177.327
184.833
182.323
175.353
176.285
185.603
186.478
183.498
182.597
185.867
185.231
186.478
186.228
174.321
176.285
175.429
187.014
175.796
180.283
175.501
186.979
185.603
174.486
176.204
183.778
180.097
187.014
187.014
187.014
181.389
178.59
181.79
185.625
176.285
187.014
185.116
182.181
185.603
183.778
175.155
175.628
187.014
177.365
186.228
175.796
184.037
177.694
177.616
176.285
176.285
175.771
178.007
181.744
179.868
186.228
177.63
174.149
183.771
178.177
183.684
182.434
174.063
179.868
180.972
180.016
183.498
179.248
178.712
183.366
173.322
179.713
185.217
186.478
185.603
187.014
182.871
186.228
183.498
176.974
183.366
183.149
182.728
175.204
177.697
178.991
181.389
185.548
185.603
174.631
185.873
177.362
174.716
181.995
177.327
181.962
183.812
180.193
185.704
187.014
177.327
175.788
186.009
174.922
179.342
187.014
186.979
184.721
181.069
183.498
176.928
179.868
186.228
183.713
174.486
177.713
182.323
177.036
183.366
184.727
185.812
181.389
186.82
179.868
179.021
176.204
185.194
185.626
185.603
187.014
181.944
181.389
175.566
185.376
186.82
177.332
176.968
177.694
180.854
179.868
187.014
174.104
178.177
181.822
187.418
174.631
175.077
185.603
176.351
180.878
173.899
177.824
179.106
185.603
174.983
186.3
183.405
175.742
175.569
178.177
174.325
173.899
186.478
187.405
176.285
176.204
177.713
183.498
176.563
183.366
187.014
181.389
182.596
185.762
174.526
177.713
174.651
179.694
177.08
183.98
187.014
174.149
179.794
187.014
175.586
175.181
174.486
183.366
174.104
178.45
178.511
183.498
174.681
187.014
181.958
175.131
185.609
177.391
173.893
185.603
187.014
182.14
176.09
183.699
177.327
185.394
181.609
181.069
183.778
184.402
174.149
176.123
184.754
183.812
181.79
185.873
175.47
186.711
174.236
186.82
186.82
182.751
182.464
186.711
183.366
183.812
175.606
187.014
179.929
177.192
182.415
175.742
179.826
179.167
173.899
176.123
185.603
185.603
185.937
180.811
176.341
176.992
187.014
178.108
187.405
186.046
180.53
178.177
178.083
179.868
183.366
182.326
183.498
175.181
181.389
183.366
175.982
185.231
176.321
177.327
174.727
183.498
187.014
185.873
178.511
183.771
186.857
177.762
187.014
179.749
180.305
174.104
173.941
174.104
178.511
175.162
184.721
187.014
187.014
185.603
176.285
181.389
176.563
187.014
183.459
183.498
183.71
183.717
178.849
182.407
183.684
186.857
183.498
187.014
180.677
186.046
176.338
182.52
186.711
181.389
175.788
176.083
183.764
175.181
175.788
183.754
180.677
177.327
187.014
185.609
185.924
183.754
175.161
185.603
183.366
183.812
185.873
187.014
175.903
185.231
187.014
174.236
181.389
183.812
177.095
185.777
173.984
176.427
183.693
187.014
183.498
173.899
185.603
183.498
175.788
186.857
180.193
183.334
174.321
174.149
185.231
180.677
176.557
187.014
183.366
179.383
180.708
185.603
