177.713
177.682
185.603
174.149
187.014
179.25
183.876
186.228
185.665
181.389
174.104
186.589
171.494
183.498
179.749
179.552
177.791
174.321
183.154
185.581
182.84
187.014
180.981
183.754
176.285
176.699
186.721
177.942
176.992
180.413
177.327
179.126
184.037
173.563
177.327
174.478
181.763
174.149
180.677
175.803
185.084
181.389
184.727
178.108
183.498
183.366
184.721
173.034
184.049
182.483
187.014
187.014
185.603
176.285
185.603
188.232
187.014
181.42
173.899
183.498
179.171
187.014
175.195
186.107
177.008
174.183
185.603
183.498
183.498
183.761
179.77
175.077
187.014
187.014
176.204
183.812
180.586
186.009
177.682
179.25
183.498
182.728
184.721
176.351
183.778
188.077
177.832
175.256
185.812
186.82
183.117
179.264
172.823
175.731
183.812
177.713
186.82
184.879
183.366
171.933
183.498
174.104
187.014
181.109
176.308
175.484
185.603
186.82
187.014
184.879
187.014
176.308
177.46
176.204
176.249
183.498
181.389
172.839
187.014
181.069
176.285
186.046
180.62
186.711
177.992
183.498
183.498
179.826
183.812
179.338
182.518
185.603
183.812
179.814
177.327
185.603
187.014
187.014
174.486
183.498
179.288
184.754
173.69
182.738
175.181
185.626
183.366
184.051
182.559
173.899
186.979
180.677
185.694
173.984
176.12
185.873
184.721
186.82
182.489
185.231
176.338
177.361
185.603
179.899
176.351
177.682
175.181
186.478
183.149
180.751
181.794
174.249
183.366
186.789
176.65
174.236
184.721
185.873
176.285
176.321
176.598
174.486
187.014
183.498
186.478
185.603
181.789
183.498
177.697
173.322
173.939
178.993
175.927
183.078
179.824
176.992
180.972
176.563
187.014
187.014
176.563
185.571
172.553
187.014
177.301
177.708
181.389
185.007
181.389
184.391
184.721
176.618
172.553
184.037
181.389
178.4
179.794
180.708
186.478
176.285
187.111
183.684
180.878
187.014
187.014
185.603
183.812
185.231
184.721
177.327
179.976
177.006
176.285
177.327
177.287
185.603
185.006
185.376
175.859
187.014
185.231
175.181
176.459
174.091
178.146
185.331
182.871
179.826
184.721
172.843
186.82
177.703
175.149
177.327
176.285
180.578
177.931
183.498
176.831
181.909
177.98
186.711
181.407
181.326
181.084
184.597
175.681
185.603
185.035
174.236
174.239
185.231
187.014
185.603
186.009
183.573
186.3
186.228
175.628
174.478
176.992
186.813
180.878
182.559
174.373
174.922
175.47
184.386
185.231
174.486
186.82
174.236
185.603
177.713
173.557
181.389
187.014
182.871
187.014
173.262
183.498
180.816
180.677
183.498
187.192
188.437
181.069
182.248
184.492
185.626
183.498
187.752
187.014
183.287
174.486
175.796
183.253
185.873
180.811
187.924
174.239
181.042
174.104
176.204
183.366
186.965
187.014
176.28
184.386
173.668
174.983
183.366
186.721
187.014
184.016
186.228
187.014
177.791
183.344
177.694
186.228
180.447
187.014
177.637
177.095
179.948
185.74
183.498
182.788
176.28
179.199
177.036
181.069
177.757
186.478
183.714
184.721
185.211
183.366
173.899
184.386
174.82
176.563
179.351
183.498
185.231
177.942
185.873
174.486
180.652
179.383
187.975
178.45
176.286
179.834
183.287
176.831
187.014
176.123
184.558
183.754
180.71
183.333
187.014
182.094
173.899
176.321
187.014
183.344
186.749
183.653
174.104
177.713
185.603
187.39
178.45
181.389
174.922
177.327
183.498
175.029
185.866
178.58
176.831
176.348
183.405
183.799
179.423
186.046
174.236
180.425
183.05
177.713
176.348
184.721
176.351
177.257
187.014
175.131
185.035
183.498
183.498
183.432
186.454
185.873
181.074
183.498
185.483
185.231
178.108
187.014
179.248
183.168
173.685
173.899
176.096
185.603
185.055
182.24
180.337
186.711
183.072
176.831
181.069
184.09
175.982
186.468
173.69
185.301
183.366
174.018
185.603
181.084
180.878
176.147
186.921
187.39
175.681
177.388
179.248
176.024
187.975
186.464
177.455
176.179
184.599
177.708
183.405
178.993
172.823
185.1
183.812
179.868
187.014
183.904
175.429
187.014
181.084
181.271
177.058
176.123
172.653
178.712
176.563
187.014
177.713
174.224
185.694
176.508
179.423
173.763
181.389
184.721
176.123
187.014
179.825
187.014
184.721
186.857
175.731
179.826
184.833
185.873
176.519
177.713
187.494
179.749
174.521
184.721
183.154
176.285
182.515
181.069
179.868
177.327
178.608
183.784
183.498
181.389
173.262
185.638
173.69
184.599
185.603
185.603
185.54
178.52
181.389
180.677
182.419
183.684
172.553
175.085
186.046
177.327
186.478
175.204
187.014
187.014
183.684
185.231
179.235
172.843
183.498
187.014
187.014
184.391
186.228
177.973
183.199
173.899
185.873
185.603
177.327
176.28
177.473
186.127
185.603
176.407
185.799
186.046
177.008
176.647
185.835
179.39
187.014
176.882
183.812
174.486
185.595
176.563
174.149
186.478
175.171
174.486
183.498
187.014
174.486
176.285
177.327
173.322
177.682
183.684
180.524
172.553
173.563
183.378
184.829
183.498
181.389
178.451
185.595
181.79
175.196
180.672
179.277
183.366
183.498
176.952
184.721
186.637
185.603
186.046
183.149
178.511
187.014
185.603
187.014
185.083
185.704
176.351
184.666
171.494
186.224
180.617
183.498
183.366
186.782
183.498
185.603
182.323
186.589
177.168
176.351
174.694
183.366
185.625
186.478
179.981
185.231
175.029
180.003
185.231
180.854
177.327
175.256
185.376
178.45
185.667
184.721
172.553
180.939
174.523
177.036
178.418
185.704
181.28
186.672
182.181
184.05
179.197
175.859
184.754
184.721
179.502
173.322
174.631
187.39
175.34
176.248
179.718
185.603
183.594
185.923
180.368
175.63
176.666
177.196
183.44
180.24
177.713
176.87
177.942
181.389
187.014
175.181
179.981
184.721
187.014
178.993
176.831
176.423
175.442
186.468
184.721
183.334
183.903
185.083
183.344
176.076
181.389
175.195
174.149
187.865
173.322
176.563
185.873
176.336
187.014
176.308
181.389
178.717
187.326
174.845
174.104
181.389
174.486
187.418
174.149
184.328
182.21
173.899
175.869
185.625
183.366
180.413
179.981
176.308
185.665
181.389
174.239
185.704
176.308
186.42
177.698
180.229
179.215
183.133
172.76
184.829
183.812
176.348
180.71
185.603
180.672
183.812
187.014
177.711
183.784
182.653
181.789
174.845
175.142
186.361
177.832
175.861
177.942
187.014
177.711
175.486
187.014
176.341
178.596
179.826
175.499
181.389
187.418
179.351
183.366
178.45
176.831
173.322
180.747
183.947
178.58
175.731
179.826
172.553
177.332
176.285
187.014
178.177
179.929
183.498
185.873
183.366
184.733
181.389
186.82
184.369
185.626
186.478
184.386
181.389
173.322
183.498
179.824
175.501
175.423
187.014
183.808
183.366
185.603
177.355
177.694
177.008
176.847
174.149
185.873
183.405
184.721
176.321
174.845
176.23
175.225
181.995
185.007
177.758
180.677
179.868
187.014
179.106
176.563
185.301
177.975
185.231
184.879
184.037
179.325
174.481
186.478
187.405
187.014
183.366
176.083
185.231
172.553
185.007
178.45
184.721
183.287
186.464
185.603
185.609
173.899
173.322
183.71
181.304
183.714
187.014
175.272
180.677
186.857
177.257
185.083
185.592
180.231
185.14
181.316
180.236
183.199
186.82
172.553
184.079
183.498
174.104
184.936
177.637
187.014
180.193
179.826
177.361
176.249
185.603
180.897
181.369
184.037
179.77
187.014
179.713
185.182
174.486
174.104
188.232
181.763
187.014
180.878
174.018
187.014
177.682
185.301
184.352
183.405
179.342
176.831
185.961
175.423
179.029
187.418
176.563
179.981
183.498
178.717
183.366
179.825
183.366
179.355
174.149
185.603
172.553
175.935
181.389
173.262
180.576
175.982
183.498
174.445
182.421
174.486
178.451
176.308
186.411
177.942
177.802
183.498
183.812
187.418
179.248
173.056
175.077
186.82
174.82
175.486
174.521
175.34
187.014
186.82
177.208
185.603
175.859
185.603
178.278
175.688
177.479
186.82
183.498
186.82
185.603
185.873
184.981
181.389
185.603
186.782
178.177
186.046
183.498
185.301
173.574
183.498
183.812
181.389
187.014
172.553
187.014
181.407
187.014
175.903
175.486
180.522
184.051
181.389
183.344
183.366
183.498
184.666
174.523
174.573
184.599
177.332
187.014
183.366
179.423
176.021
182.489
178.677
184.721
187.014
187.014
176.28
182.326
176.974
181.389
184.037
181.822
186.82
184.808
185.603
175.367
185.231
175.628
184.721
187.014
187.014
176.204
185.603
176.911
185.603
183.812
183.812
174.486
178.511
177.327
174.581
181.425
183.812
183.498
178.596
184.037
183.828
182.786
183.498
187.418
181.389
174.336
183.498
181.79
174.236
174.645
187.014
177.713
176.394
187.014
172.993
181.178
184.721
180.305
177.683
186.711
180.998
185.603
185.603
186.228
183.41
176.563
177.713
176.351
178.993
179.646
174.149
186.82
185.211
179.435
187.014
178.926
185.603
179.868
174.149
179.288
183.366
183.366
175.845
179.402
177.791
185.603
179.029
178.991
174.523
183.366
185.603
184.037
178.108
181.212
181.958
173.769
183.784
180.521
185.272
183.498
176.316
185.603
174.523
187.014
175.195
185.873
176.204
172.553
176.285
173.991
182.451
186.478
180.576
185.603
181.389
183.366
179.826
183.684
185.603
175.673
185.437
183.595
172.843
174.523
177.362
181.389
183.366
183.498
177.815
181.389
181.878
181.995
173.899
185.603
185.603
175.98
176.035
175.731
185.638
183.812
186.979
175.691
173.899
175.845
174.465
176.021
183.498
178.991
178.108
176.137
175.566
173.322
181.407
176.665
186.82
180.24
187.014
184.316
183.812
181.794
182.173
175.63
172.553
183.71
185.54
173.899
174.239
187.014
182.596
186.478
183.498
184.262
174.149
185.54
186.857
185.269
180.066
185.667
180.397
177.327
187.014
183.498
176.229
184.666
183.366
183.366
184.721
177.327
181.79
178.63
185.873
182.685
175.742
184.666
183.498
185.603
174.486
175.038
177.327
181.389
175.001
181.389
186.478
180.003
177.095
181.995
185.866
184.721
177.62
183.498
183.693
172.838
183.545
179.981
175.788
187.752
176.285
174.486
177.713
175.927
184.187
185.726
182.685
183.498
186.478
185.301
187.557
182.697
174.727
187.014
172.993
183.498
186.624
183.366
183.149
185.603
186.82
174.336
184.574
184.666
175.181
185.54
178.451
174.368
178.177
183.498
186.127
173.899
177.637
175.501
179.826
186.593
177.662
176.563
187.014
187.014
182.317
177.832
182.559
187.014
183.498
175.63
172.553
176.351
181.389
183.498
184.96
186.593
187.014
183.914
187.014
179.082
179.718
181.197
174.325
175.195
183.812
179.718
185.603
179.215
173.563
175.788
175.484
172.553
174.486
185.603
173.322
185.873
187.014
183.812
179.868
187.39
173.763
177.327
177.942
179.786
182.518
187.014
181.389
176.351
183.812
180.447
177.942
187.047
183.914
183.812
184.348
172.553
186.82
187.014
183.498
172.553
176.285
177.697
184.36
186.857
183.498
175.927
184.456
185.603
174.486
177.327
174.149
183.366
176.328
176.411
186.556
179.825
179.351
177.815
176.285
187.014
172.839
176.453
179.77
181.069
183.366
183.498
177.079
175.134
178.013
182.415
183.812
185.603
177.327
185.231
179.078
185.603
187.326
183.344
178.208
181.049
172.553
187.014
187.014
179.77
183.366
180.522
176.09
174.481
187.014
185.595
186.224
179.152
183.366
185.873
178.62
174.82
174.727
182.518
187.014
173.899
184.597
183.498
184.721
178.007
183.498
176.123
184.721
177.832
185.603
184.721
182.697
180.578
187.405
180.549
177.362
182.407
178.345
177.837
179.951
187.014
183.828
180.066
179.248
175.077
175.911
179.355
179.981
186.224
175.34
186.82
181.296
183.498
187.014
187.557
179.951
177.607
176.407
186.17
186.426
176.911
178.092
184.727
177.1
186.82
185.873
178.108
186.82
174.149
183.366
175.303
183.498
184.079
187.014
175.798
179.718
181.389
174.78
175.566
183.498
182.751
180.854
175.788
174.486
183.366
183.498
187.39
183.405
187.924
179.126
185.231
172.553
183.684
185.726
183.366
183.784
181.389
176.67
184.402
186.82
185.961
173.322
176.459
174.631
180.522
178.45
172.553
185.603
174.76
186.046
182.84
182.323
185.423
176.321
186.82
185.374
176.091
184.271
179.868
185.581
183.405
180.309
187.014
178.086
183.683
174.063
185.726
172.839
187.39
178.849
185.561
177.62
181.389
178.177
183.498
185.603
185.231
179.944
178.511
182.559
187.517
172.838
176.351
177.682
184.574
175.756
186.478
176.285
175.936
176.041
176.096
187.418
177.426
185.908
183.876
173.322
185.873
177.98
181.069
174.82
179.305
183.498
185.301
184.31
175.196
185.489
178.945
175.937
185.603
187.014
186.82
186.857
175.903
173.899
176.083
187.014
177.332
175.788
184.727
187.014
183.405
183.498
178.945
178.007
183.405
183.344
176.308
184.348
181.069
174.521
180.878
184.348
187.405
175.484
186.508
183.366
174.631
177.815
187.014
185.812
186.593
185.665
180.236
181.389
184.492
183.784
174.268
183.366
181.389
183.607
187.014
181.407
185.194
177.713
187.014
183.903
183.366
186.979
185.603
183.498
177.327
183.366
185.603
187.014
175.628
183.498
181.389
174.063
181.304
174.05
183.812
174.884
187.014
187.014
186.593
171.553
185.231
183.914
176.758
187.014
174.486
175.181
175.37
186.478
187.418
187.014
184.558
177.83
178.991
176.285
175.796
183.607
176.351
183.498
187.014
186.046
184.384
185.083
174.149
175.484
174.526
185.603
183.366
186.857
182.875
173.557
177.409
176.629
178.991
183.405
183.812
187.014
185.609
173.262
187.014
178.36
182.415
180.351
175.63
175.69
185.626
178.105
183.812
178.677
186.442
185.603
183.903
184.869
178.208
183.498
177.362
177.276
187.39
177.637
182.597
183.947
185.231
182.224
186.438
185.278
177.697
186.711
186.228
183.778
175.131
177.713
174.523
185.603
183.498
183.693
177.122
175.131
183.498
185.595
183.536
180.236
185.231
186.512
185.866
186.442
184.564
178.217
181.389
176.328
183.71
184.574
184.384
173.899
185.603
177.421
185.603
174.486
179.718
185.603
177.694
176.563
186.478
183.359
187.014
186.82
183.426
175.077
183.199
183.498
176.285
175.476
185.301
183.498
185.084
189.297
174.478
178.108
183.498
183.758
183.812
177.713
185.603
173.262
174.224
178.947
185.899
174.82
187.014
185.083
186.3
182.464
181.389
184.529
187.014
180.734
185.231
176.423
183.498
183.812
186.711
174.236
185.595
181.744
183.812
176.968
183.511
187.014
172.843
184.268
176.348
181.389
177.301
187.014
181.389
178.677
185.625
175.029
175.98
176.285
186.478
186.82
174.249
179.552
187.014
183.812
184.037
175.423
183.366
181.995
174.521
175.029
185.231
172.475
185.54
172.993
181.875
186.228
187.014
183.405
182.996
176.285
177.238
184.666
181.084
175.796
183.784
175.788
174.621
187.014
185.867
181.389
178.608
181.389
174.521
183.683
174.845
183.71
175.742
183.366
173.37
183.359
183.812
180.522
183.498
176.285
183.498
178.45
179.826
174.825
181.069
178.051
174.983
186.82
181.28
185.694
174.983
185.646
179.107
186.046
178.785
187.014
175.37
183.344
175.037
185.182
183.366
183.794
182.751
176.149
181.389
176.286
178.051
172.553
173.662
187.014
174.521
184.721
183.498
179.868
175.423
184.537
176.563
179.944
175.204
175.731
176.563
185.603
185.54
179.423
174.486
183.199
185.68
185.667
181.475
181.304
184.599
175.149
174.631
174.521
178.609
187.014
182.768
187.014
186.228
185.603
185.603
180.677
184.298
183.812
177.713
174.104
183.784
183.498
181.28
179.868
186.42
181.79
177.832
179.868
185.178
177.332
185.603
176.625
181.389
175.142
175.484
175.694
180.163
175.262
183.498
176.647
177.713
180.854
181.944
184.12
174.149
186.309
177.713
174.521
185.625
174.255
185.277
176.563
177.637
176.497
176.077
176.831
181.722
181.389
187.014
179.948
174.149
176.096
176.147
177.832
174.741
185.603
173.662
176.563
178.792
183.366
183.359
176.883
187.014
180.854
176.204
178.108
176.888
175.501
174.236
173.769
177.942
184.05
183.784
185.231
183.778
177.327
183.498
183.498
173.738
174.521
177.327
186.624
183.498
185.191
180.27
182.84
183.333
187.014
183.707
174.939
185.603
187.014
183.536
184.936
184.023
176.338
175.029
176.035
177.327
174.486
180.677
178.108
178.177
175.861
186.046
175.566
173.899
188.07
174.239
186.82
184.7
175.486
177.791
185.548
178.993
184.456
175.796
177.815
178.896
173.785
180.87
186.478
178.608
175.861
181.389
183.498
176.285
185.231
183.498
184.833
187.732
177.713
185.548
185.233
174.486
176.394
176.423
183.498
177.754
187.014
175.505
179.589
186.228
173.056
175.63
185.603
186.31
179.423
174.523
177.327
180.854
177.44
185.603
178.609
185.603
175.272
178.108
174.845
187.557
177.095
177.832
176.65
180.972
177.791
175.566
177.694
181.389
182.685
183.115
183.432
185.603
184.721
187.014
186.711
185.129
184.384
174.82
182.022
179.868
181.389
183.498
181.28
181.464
176.123
183.366
187.014
184.083
180.236
184.386
178.177
177.682
178.496
186.478
186.478
176.653
183.405
174.825
180.708
183.812
175.303
184.037
183.778
187.39
175.63
185.603
179.812
177.815
172.836
181.656
184.721
185.505
177.83
184.721
183.812
184.016
176.883
185.504
183.498
183.784
185.603
176.035
181.882
176.831
178.818
174.82
188.232
183.498
185.625
175.771
185.423
185.603
184.023
180.854
174.224
187.014
183.498
183.498
183.498
187.014
179.201
181.069
183.498
175.626
181.389
172.553
182.326
178.128
174.847
186.442
175.484
183.812
175.037
187.014
184.833
185.194
178.971
178.496
180.066
182.464
185.867
183.683
177.362
183.366
185.667
185.231
182.547
184.037
185.191
184.049
172.553
176.527
185.231
183.366
179.868
182.515
183.117
183.498
175.726
187.014
177.008
176.831
186.965
187.326
187.014
181.389
184.593
185.231
180.677
176.992
180.998
187.014
185.873
185.873
184.833
186.82
172.553
187.014
187.39
185.231
187.014
186.672
177.327
185.54
187.014
186.749
175.484
187.014
178.726
174.104
185.603
185.301
177.789
174.562
187.014
177.327
172.553
184.721
176.563
185.603
173.322
181.663
181.995
183.647
177.757
181.389
174.035
173.322
177.789
179.868
185.191
176.788
187.014
184.016
179.868
176.285
186.454
175.37
186.711
185.603
187.014
172.76
177.757
181.296
188.898
176.831
182.181
186.468
186.82
174.104
185.084
183.366
186.82
173.51
181.475
185.231
184.384
176.588
185.603
179.646
185.53
183.812
183.784
187.014
176.249
187.014
178.792
185.505
185.603
183.771
185.571
184.721
175.423
179.126
174.82
185.603
179.078
187.014
174.236
184.352
187.192
186.478
185.603
179.868
183.684
175.486
179.942
187.014
183.366
182.135
177.327
184.721
177.713
185.603
184.721
187.014
183.498
177.762
175.161
177.017
183.405
185.873
187.014
183.498
179.868
177.708
186.228
177.362
185.231
178.737
174.236
183.133
185.603
183.366
185.603
179.082
173.991
176.302
187.014
177.327
179.826
187.418
177.192
180.677
184.574
173.322
185.726
175.861
187.014
181.763
184.721
176.563
183.498
185.603
185.54
181.389
180.998
187.014
178.991
176.375
178.945
176.328
183.812
183.117
183.809
177.841
180.236
183.498
175.63
185.873
181.389
174.727
182.597
176.308
178.492
177.411
180.854
183.498
172.553
186.42
177.473
185.873
185.231
184.083
182.92
176.563
173.322
176.375
183.647
183.162
183.366
175.85
175.161
187.014
183.366
173.685
183.828
179.314
183.432
181.158
185.0
183.498
176.204
176.338
183.754
179.615
176.123
181.28
176.285
187.014
185.873
177.607
176.65
183.784
175.303
180.897
179.718
181.084
185.603
177.98
186.454
176.285
185.667
187.418
185.597
174.486
183.366
178.511
183.498
181.239
184.037
185.289
175.751
181.389
183.366
185.603
183.911
183.498
188.232
179.278
180.908
184.721
187.014
176.563
179.718
183.366
183.498
183.498
179.868
187.014
175.107
184.084
175.501
185.437
183.498
185.873
175.788
175.077
178.766
174.82
184.348
180.821
176.249
187.014
186.6
184.051
181.389
186.478
184.879
175.911
175.029
178.051
183.812
185.68
187.014
182.489
184.037
175.484
183.948
175.484
173.763
179.305
181.805
187.014
184.721
183.072
179.988
185.603
186.228
187.014
180.677
183.498
184.634
176.341
183.498
183.366
176.204
183.784
181.389
186.637
184.384
177.327
180.549
177.196
172.993
177.757
183.828
176.285
177.489
175.181
179.248
185.217
178.218
184.049
185.609
181.389
181.944
185.211
181.407
176.138
185.667
182.738
181.789
172.553
172.553
184.829
174.239
179.082
180.854
185.53
179.589
176.121
185.873
185.047
186.577
183.498
181.256
174.149
173.738
177.327
180.163
177.332
177.058
174.631
184.384
186.046
183.366
175.654
173.014
176.348
187.014
178.108
176.653
176.881
178.848
176.407
176.308
181.407
184.402
179.499
182.022
183.812
179.029
179.325
184.53
174.727
184.721
172.553
185.603
181.306
174.486
185.603
173.668
176.285
185.603
185.376
179.826
174.845
187.014
183.498
173.939
179.868
177.923
179.869
183.498
178.325
183.784
185.603
174.104
176.204
186.82
176.285
184.31
179.868
185.923
177.44
183.366
177.682
185.873
183.812
175.691
184.391
176.083
182.421
179.826
183.486
179.826
183.498
177.473
186.82
184.721
175.903
185.603
183.359
184.037
175.181
181.389
185.603
185.603
187.014
181.843
187.014
179.106
176.123
180.624
175.501
184.386
187.168
176.123
174.478
182.35
187.014
179.657
181.389
187.014
183.366
179.646
185.694
185.603
183.498
185.272
175.292
176.076
177.713
183.344
180.984
185.54
183.498
175.195
174.621
180.087
172.653
185.54
174.063
183.498
180.066
178.45
187.014
179.248
185.603
184.721
176.285
182.697
175.903
183.812
177.62
172.553
185.54
187.014
174.239
187.014
183.778
183.498
187.014
180.998
177.815
172.653
182.483
178.557
182.135
179.868
186.3
176.285
177.839
181.069
185.603
173.51
187.014
172.553
177.885
185.262
185.53
179.868
185.231
183.366
174.486
185.603
184.721
174.523
173.322
177.762
178.053
183.366
185.603
179.786
179.305
187.014
181.389
179.546
175.982
176.285
183.41
175.673
187.014
178.849
179.905
174.884
183.701
183.812
178.108
176.285
184.468
180.425
182.559
186.009
186.921
186.464
176.321
184.023
187.014
187.014
183.117
185.858
177.789
175.788
187.014
175.162
185.603
185.231
177.713
174.236
176.123
184.452
174.249
185.603
181.79
174.236
177.633
185.873
178.375
183.647
177.694
180.139
184.721
182.538
185.603
186.3
180.424
183.286
173.899
187.418
172.553
183.784
185.899
181.389
179.235
176.285
174.643
183.839
184.05
173.899
174.521
183.498
172.839
179.826
188.232
177.713
179.231
180.677
185.194
185.301
180.226
181.389
175.085
179.277
179.235
175.694
174.368
187.418
185.924
174.249
185.571
177.765
179.589
175.181
176.138
174.984
181.407
173.322
179.423
176.65
180.821
180.115
176.351
176.563
181.389
176.229
178.511
173.899
182.685
185.924
181.696
185.483
181.389
177.762
187.014
174.236
187.752
178.596
186.436
186.478
184.721
182.526
182.515
175.484
179.16
181.822
187.014
177.058
176.788
184.05
183.784
184.721
176.563
178.737
184.721
187.014
177.362
186.82
187.014
187.39
174.406
182.338
183.498
184.187
177.079
176.351
176.348
180.066
174.374
178.609
185.873
187.014
183.812
185.726
185.061
183.498
183.344
185.603
183.199
174.149
181.389
186.711
178.511
185.603
175.484
181.744
179.199
183.366
183.405
185.331
176.407
183.366
176.563
176.563
180.821
185.867
183.545
186.046
182.359
186.228
182.786
186.454
183.498
177.713
185.603
186.593
181.389
176.384
183.648
185.227
182.724
187.014
175.937
175.131
185.54
181.389
180.677
175.731
181.389
178.853
171.683
174.149
183.812
183.072
178.511
185.667
181.389
185.423
185.1
174.149
179.27
180.765
174.149
172.553
175.484
185.603
184.666
179.718
174.651
185.603
175.181
177.362
184.242
174.104
174.239
183.498
185.776
183.159
180.087
175.466
186.135
182.697
175.484
185.603
182.618
183.405
185.603
181.389
180.549
177.327
185.69
176.308
180.27
179.828
183.498
183.991
187.014
186.478
179.199
175.788
178.849
177.455
175.281
183.784
183.498
180.193
177.332
179.868
187.014
173.39
184.721
186.478
182.135
175.586
175.788
185.083
185.603
177.791
176.308
174.149
177.086
175.097
178.177
185.812
187.014
176.411
173.322
187.014
175.937
178.547
180.047
183.771
187.014
183.366
187.014
177.362
185.873
186.589
172.553
180.422
185.211
185.581
179.423
183.498
184.721
174.268
184.721
187.014
187.014
175.423
180.344
182.618
185.289
186.672
181.389
186.157
184.609
174.104
185.603
186.046
176.285
175.181
177.713
176.563
180.932
174.78
185.603
185.595
185.667
177.701
183.498
176.204
182.464
186.782
180.807
176.204
185.603
175.255
184.833
187.732
178.542
174.605
176.65
184.721
178.36
174.104
181.958
185.595
174.104
177.095
179.742
174.149
184.721
174.236
185.231
173.322
185.084
185.908
185.486
181.389
183.366
174.104
176.338
184.492
179.869
187.014
186.711
174.321
174.236
183.498
176.285
183.498
174.224
187.014
176.666
179.458
173.056
187.014
179.423
183.405
184.083
185.54
184.352
179.749
174.486
174.236
183.049
183.684
174.486
176.443
184.666
183.498
181.389
179.826
175.255
180.71
181.389
180.576
186.399
187.014
176.338
183.812
180.24
173.415
176.751
174.523
183.245
177.473
185.194
184.268
180.097
185.603
176.892
173.763
185.625
186.921
183.378
179.39
185.603
181.389
181.958
179.868
176.563
177.359
180.854
175.982
176.797
179.65
184.553
172.553
187.014
186.782
185.675
174.486
187.014
176.204
184.666
183.784
183.366
183.366
185.083
179.355
185.603
177.504
181.389
183.405
176.666
184.037
187.405
177.713
177.698
176.321
179.478
186.556
174.486
182.697
187.418
187.418
184.721
176.992
184.386
182.022
182.407
186.407
175.161
175.845
187.014
185.603
177.762
186.407
180.231
185.603
179.552
185.867
182.927
181.162
185.603
176.563
186.478
180.236
183.245
183.366
184.083
181.389
173.322
179.338
187.437
183.593
184.666
187.014
172.553
183.684
182.116
174.465
182.559
177.327
183.498
185.908
177.832
186.857
185.603
181.389
184.456
184.12
176.517
184.544
180.972
174.621
184.721
183.828
181.389
178.108
175.353
178.177
187.014
173.899
175.63
179.826
185.006
174.149
173.262
181.069
176.407
185.231
183.498
179.794
181.822
184.666
187.014
181.084
187.014
184.721
187.014
184.456
179.091
176.699
186.442
176.831
187.014
174.939
183.117
176.797
172.553
187.418
185.006
176.021
183.366
183.784
177.713
176.338
174.486
174.063
171.494
176.797
172.553
185.54
183.366
187.014
183.498
181.407
174.523
179.65
182.838
173.899
186.478
185.603
175.342
176.384
177.791
187.014
185.873
182.086
175.658
181.369
175.796
183.366
181.369
187.014
174.486
178.45
184.553
186.624
172.645
176.831
187.014
182.224
183.784
179.981
183.117
180.576
185.231
186.637
174.236
176.563
185.873
176.735
173.322
181.958
176.123
182.022
177.713
180.574
186.426
183.498
174.478
174.239
180.71
187.014
185.231
175.181
187.014
187.014
180.062
181.909
185.667
178.806
176.351
181.389
176.328
177.697
173.034
187.014
183.498
183.812
176.285
176.665
181.069
176.65
185.603
175.484
185.231
187.014
183.366
177.327
185.211
177.411
185.603
183.812
178.592
185.006
174.239
176.351
180.298
176.083
185.055
181.162
184.05
175.085
174.183
185.971
185.231
179.826
171.933
186.82
186.228
186.672
179.355
183.498
181.069
174.104
187.557
178.077
187.014
187.014
175.845
179.718
187.014
183.778
183.498
185.603
185.603
177.327
182.042
186.711
180.854
187.014
177.98
176.088
177.332
183.536
183.778
173.899
175.077
177.332
183.788
177.327
183.948
187.014
181.789
185.873
181.084
183.41
177.362
185.873
185.574
175.788
185.231
171.758
182.648
180.255
186.979
173.322
178.608
175.63
186.407
178.325
187.014
183.366
185.667
187.014
174.035
179.794
185.667
185.231
184.721
176.423
178.58
181.389
185.812
183.812
186.711
177.694
187.014
187.39
175.935
177.159
184.384
185.231
187.014
177.086
177.017
182.415
179.981
185.571
184.381
177.713
183.366
175.771
177.713
185.603
182.751
177.713
181.389
186.411
174.202
180.586
175.731
176.563
183.498
184.254
174.562
184.996
187.014
174.96
183.366
179.868
187.014
185.603
181.069
185.437
184.721
184.721
185.603
187.014
187.014
184.721
173.056
175.037
186.711
184.711
176.831
177.762
185.231
174.537
175.149
179.27
183.498
184.7
180.521
187.39
175.119
178.993
186.046
176.351
186.046
187.014
175.181
185.603
176.321
187.014
181.389
181.239
176.996
183.405
185.867
175.343
176.65
182.415
187.557
186.82
185.603
176.699
185.873
174.521
187.014
181.79
185.603
183.366
187.014
185.574
184.469
185.231
183.498
177.713
173.899
188.516
185.116
184.869
183.366
181.069
185.603
174.845
185.667
185.603
182.224
182.927
183.498
184.286
186.711
186.672
185.54
187.014
186.593
176.308
186.42
187.014
179.868
182.559
185.431
186.593
185.115
186.965
177.713
181.084
183.812
185.603
187.014
179.325
185.873
180.549
181.069
183.812
180.617
183.812
185.873
176.229
181.57
178.849
181.389
185.21
188.516
178.108
185.667
182.489
178.853
183.812
187.014
186.442
185.603
174.374
177.196
174.521
185.211
187.23
177.694
179.517
186.763
176.907
180.425
177.616
185.873
177.701
184.553
183.812
176.138
182.407
174.486
181.389
181.389
179.305
183.405
182.697
181.239
178.218
174.049
174.104
181.389
185.661
185.603
183.117
176.285
187.346
183.812
185.924
177.008
175.029
187.014
186.672
179.325
179.899
177.765
176.204
178.792
177.362
182.597
183.344
179.646
183.498
178.991
180.937
176.87
175.181
185.603
176.653
175.927
174.486
176.351
177.058
183.422
182.202
182.474
175.903
175.903
183.648
181.656
186.228
185.603
174.357
174.035
185.667
181.389
183.684
185.603
183.117
186.711
176.699
182.415
187.014
182.042
180.115
184.721
185.603
176.123
176.285
173.322
187.014
186.228
181.389
183.498
177.362
183.366
176.699
175.796
183.498
171.208
176.563
185.007
177.175
186.721
177.327
184.157
177.327
183.498
174.845
174.521
173.899
175.484
175.423
183.774
181.389
187.557
176.881
185.603
178.108
177.713
186.711
187.014
181.389
184.452
185.603
176.563
187.014
177.942
184.933
187.301
187.014
181.995
180.708
173.048
185.115
177.713
185.667
177.327
176.952
173.582
181.326
184.574
186.857
187.014
174.481
183.498
177.637
177.713
180.586
178.677
179.126
173.034
183.366
187.014
185.603
176.883
185.231
183.435
187.975
174.523
176.123
176.204
183.812
176.351
184.727
181.79
183.947
178.108
185.301
177.371
183.366
173.899
183.498
185.603
180.677
185.899
184.12
173.899
177.832
177.713
180.013
187.014
185.873
185.007
172.39
181.084
176.968
177.664
186.478
176.407
187.39
183.498
175.285
185.227
175.303
181.744
184.386
175.927
187.014
182.094
177.409
185.603
180.897
187.405
177.361
183.812
172.553
173.322
183.754
187.014
185.603
185.083
183.498
181.715
174.149
179.423
187.494
176.992
187.014
185.301
183.405
185.595
181.761
177.327
176.351
175.029
179.098
176.396
183.498
177.224
185.083
183.498
185.867
182.451
183.812
179.068
185.873
178.089
172.926
184.597
175.372
178.114
182.648
187.014
187.014
174.537
181.658
187.014
181.069
177.832
183.072
186.82
185.231
186.522
178.177
177.688
185.667
184.402
187.014
183.366
185.726
187.014
179.836
178.717
178.051
183.498
185.667
177.694
173.322
185.873
181.389
183.366
175.982
180.013
181.407
183.498
183.498
184.599
179.96
186.711
178.849
178.45
179.929
185.603
174.845
173.322
180.24
185.603
182.419
184.721
176.459
174.063
187.014
180.897
185.603
175.63
174.104
174.104
187.418
181.389
176.721
187.014
175.204
181.389
185.626
176.285
183.063
184.909
177.824
185.603
173.769
185.191
186.637
183.498
187.014
186.82
173.899
181.389
185.603
179.826
177.823
187.014
179.981
185.609
174.149
183.366
181.389
176.285
185.603
182.596
185.667
177.327
182.974
178.677
187.014
175.234
186.556
185.231
181.389
185.603
183.498
185.875
174.486
185.231
183.498
182.103
185.394
183.359
180.811
180.298
183.545
180.949
180.747
174.96
176.09
175.63
173.703
175.181
187.418
177.079
179.019
176.751
184.544
181.389
181.592
181.425
183.498
185.231
184.833
181.389
183.366
185.463
176.285
179.942
178.076
185.423
177.391
186.228
180.003
185.231
186.624
176.316
185.055
186.309
185.704
184.721
174.645
177.713
186.782
183.812
173.662
187.494
179.756
186.478
180.226
177.327
185.231
181.389
178.792
187.014
187.014
177.9
187.014
182.806
174.537
180.043
187.418
173.608
185.53
173.899
178.511
176.375
174.104
182.407
185.007
177.388
181.129
179.423
179.668
183.219
177.332
187.014
187.014
174.289
185.665
177.362
176.407
185.603
177.164
179.435
185.867
176.123
178.274
178.511
186.478
183.366
185.231
182.597
187.014
186.478
185.867
179.77
183.366
174.149
185.54
177.633
177.327
176.831
185.178
176.138
181.389
185.603
183.366
184.254
184.037
176.121
174.727
183.366
182.899
177.327
179.981
183.784
178.092
185.625
184.852
187.014
184.386
184.492
177.027
187.014
185.703
174.82
173.034
182.646
174.097
177.815
176.123
175.181
185.504
185.571
177.757
186.228
174.942
187.014
179.327
187.014
187.014
183.334
177.054
183.498
173.262
182.931
178.45
184.384
187.014
177.713
179.646
179.342
176.699
183.498
179.826
175.788
180.115
187.924
185.211
179.383
181.389
176.071
175.63
185.595
175.204
175.587
186.478
181.592
183.498
176.035
181.475
183.498
185.812
178.772
175.859
187.014
172.39
186.711
183.812
174.239
183.812
186.228
185.603
187.014
172.553
177.327
176.083
175.63
175.62
185.505
174.845
185.603
181.389
177.633
173.322
185.385
183.117
182.464
183.498
187.014
180.708
180.677
183.405
183.366
180.765
185.227
175.195
183.498
177.713
172.497
172.325
186.454
177.46
176.65
177.027
184.721
180.066
178.597
181.48
187.405
174.965
185.603
174.845
179.002
185.231
186.593
188.106
181.464
179.355
174.645
174.239
185.231
184.574
187.014
183.366
181.79
183.498
183.498
185.899
187.014
187.436
175.501
181.589
184.352
187.014
174.224
181.389
186.711
176.758
183.812
186.046
184.666
179.199
187.014
183.366
184.721
176.882
185.603
186.556
183.498
185.486
183.498
185.483
183.684
183.684
185.667
176.28
184.386
175.484
180.061
178.208
183.405
185.726
175.788
178.991
176.285
187.014
176.375
177.362
180.368
183.812
186.82
178.16
178.835
187.014
177.362
177.713
184.956
185.603
183.366
184.558
183.344
177.467
177.111
183.405
180.041
177.837
176.308
182.798
183.784
174.104
174.236
177.713
186.046
184.721
185.055
185.603
174.694
176.285
177.327
174.239
176.285
185.603
172.843
179.868
176.035
186.478
183.498
179.589
182.396
186.478
175.688
180.751
175.353
183.287
176.831
187.39
183.366
187.014
183.498
179.988
187.014
187.014
179.056
184.288
182.489
185.667
176.489
185.603
187.014
181.28
185.609
180.27
185.595
174.607
185.603
176.384
186.711
171.494
186.478
179.615
185.595
183.405
184.721
185.603
183.498
181.667
177.688
174.825
176.09
179.981
175.927
177.361
183.405
179.826
177.713
186.228
179.589
184.996
183.866
176.788
180.622
174.104
183.812
177.713
183.432
179.868
185.084
181.389
176.423
181.389
179.814
176.351
175.861
177.327
183.812
185.867
178.532
181.875
179.786
185.54
182.871
183.903
185.603
174.82
183.199
185.678
186.478
187.405
176.968
174.104
187.014
176.351
176.338
185.873
187.014
182.685
183.79
187.014
176.735
187.014
172.553
177.713
179.824
187.014
185.603
183.366
176.285
185.603
176.129
183.366
183.405
175.788
187.014
183.117
178.108
180.576
184.721
183.527
186.522
187.014
185.603
178.208
185.603
173.893
183.498
180.248
172.823
176.769
177.682
176.204
186.82
186.979
180.747
184.05
185.603
187.014
179.259
178.976
178.772
176.308
184.348
187.405
181.304
187.014
175.037
174.983
184.721
185.231
181.696
180.003
187.168
183.366
179.825
186.6
172.553
184.721
183.71
174.149
187.014
175.771
184.754
183.141
176.397
187.014
179.825
181.663
183.498
180.878
185.603
175.788
183.117
180.052
186.979
182.383
183.168
175.303
180.447
186.672
177.713
185.603
183.366
185.867
176.831
181.805
172.645
174.249
175.845
179.067
177.362
175.63
187.418
186.478
183.098
187.014
182.483
179.825
183.498
172.553
183.812
184.721
175.408
187.014
183.812
178.547
176.788
184.31
176.123
187.014
173.563
181.389
186.478
178.105
185.603
174.741
177.832
183.536
185.873
175.256
179.235
183.333
174.486
177.791
181.599
185.53
183.287
185.873
179.199
176.882
177.463
180.677
175.655
174.236
176.308
176.407
175.162
176.208
177.574
177.637
176.09
183.498
186.82
185.873
187.39
183.71
183.784
181.389
178.511
184.721
189.08
179.056
174.82
172.843
175.085
183.405
184.347
175.181
187.39
183.366
187.014
184.187
177.591
181.389
185.231
183.498
179.106
174.149
183.764
184.386
183.498
187.014
183.498
176.672
183.812
179.742
174.486
181.389
176.088
183.498
184.037
177.682
183.498
179.826
174.104
187.014
183.71
179.869
175.63
175.982
183.498
177.98
185.603
176.302
180.231
175.142
182.871
174.149
176.397
187.014
185.74
178.605
184.068
187.418
187.014
177.327
183.934
179.291
185.625
173.738
187.014
176.285
175.859
173.086
176.285
187.014
178.437
179.235
187.014
174.727
182.323
181.407
177.095
176.489
178.911
180.193
186.399
174.149
185.603
178.4
183.498
183.784
178.592
175.353
181.389
174.573
175.903
186.82
185.231
183.498
186.6
185.115
185.873
177.802
178.511
179.288
174.845
175.681
177.98
183.784
175.681
175.37
183.684
175.694
175.458
179.718
177.327
186.82
187.014
177.973
176.563
180.808
178.177
173.899
177.175
187.014
181.48
187.014
187.014
183.498
179.197
180.447
180.811
185.489
184.833
174.841
173.899
181.326
177.362
185.609
183.498
187.014
181.389
187.014
182.36
173.322
186.478
187.014
178.677
174.236
186.009
183.498
181.599
180.165
174.249
186.454
183.117
185.211
182.323
178.089
185.603
175.788
175.413
175.903
174.82
179.868
183.498
183.287
183.089
187.014
176.088
175.598
187.014
181.958
180.003
180.939
175.142
173.056
183.684
183.498
177.62
183.498
183.366
174.573
178.62
174.302
174.521
176.394
185.603
176.28
185.603
183.498
175.118
186.82
185.489
181.763
183.405
186.508
183.778
179.951
177.327
183.366
181.389
179.868
183.498
183.498
179.718
180.586
174.063
186.82
179.08
183.168
187.047
174.526
183.778
183.498
173.322
183.498
187.418
185.603
182.978
182.818
183.778
177.824
181.389
185.873
185.231
178.976
185.704
184.187
183.344
179.126
185.231
177.791
184.016
174.983
176.351
175.788
184.037
179.905
177.327
182.518
176.831
180.939
181.655
179.589
176.096
175.486
179.589
187.014
180.878
184.381
181.389
185.762
183.498
174.183
186.82
176.563
175.181
181.069
179.346
185.603
187.014
183.498
187.014
174.645
177.361
178.4
181.042
181.79
187.014
187.014
185.53
187.014
176.563
183.784
187.39
186.82
180.193
187.39
183.498
181.389
185.53
185.603
181.389
183.366
183.812
183.41
187.014
185.873
183.784
183.366
176.28
175.63
176.797
184.236
187.014
178.971
174.486
179.383
183.366
186.711
181.389
185.873
175.731
183.812
183.133
185.278
185.867
185.603
180.24
182.019
185.083
181.069
181.744
187.418
184.083
180.148
184.211
179.248
176.979
176.285
184.023
184.593
173.899
175.218
176.407
183.366
185.437
173.026
174.268
179.718
176.285
176.123
182.66
175.859
182.538
185.486
180.535
185.873
175.982
179.111
175.681
185.799
184.384
181.537
183.366
177.301
183.498
184.808
176.021
175.423
183.498
183.498
180.908
185.603
178.976
179.826
184.384
176.123
176.563
184.391
179.981
186.556
179.002
175.328
175.195
176.831
186.442
176.351
177.682
186.442
182.413
186.228
174.149
173.899
187.014
187.014
183.818
176.968
175.077
185.873
184.597
185.231
179.055
184.599
176.229
185.866
185.971
179.826
185.231
186.624
174.82
177.543
178.609
177.025
185.603
175.37
187.014
180.061
183.366
183.498
180.193
179.826
176.351
177.327
176.204
186.763
185.603
188.232
175.181
179.825
174.631
174.521
187.047
181.464
180.305
184.384
181.069
183.498
176.769
183.498
187.014
183.71
185.54
183.498
174.486
183.818
184.781
176.351
183.764
176.351
187.405
187.014
175.654
186.749
185.678
183.366
179.056
174.104
171.494
183.498
174.104
183.707
178.108
176.459
183.784
187.014
187.014
177.362
183.784
183.812
182.181
179.826
181.069
174.523
186.637
187.014
186.749
187.014
183.794
181.389
183.498
177.701
185.924
185.603
178.051
187.014
180.745
184.597
175.673
183.498
186.82
187.481
187.014
183.812
185.704
187.557
174.486
176.788
173.563
178.092
176.076
183.498
183.812
179.826
187.014
186.82
176.653
185.603
176.204
183.366
179.786
177.678
176.035
172.553
184.721
183.498
174.742
175.419
177.342
185.603
183.812
187.014
175.204
177.832
183.498
179.944
177.113
179.868
187.014
174.149
174.82
174.983
182.85
180.677
175.204
179.464
177.664
183.498
177.942
184.084
183.498
179.736
173.322
175.681
184.492
185.211
187.014
183.366
178.86
185.603
177.208
183.498
183.498
174.236
176.423
177.245
182.415
186.526
187.014
185.603
184.808
176.534
176.788
184.721
179.718
183.784
185.873
186.637
183.368
182.022
185.971
177.713
184.492
185.14
179.589
173.939
178.108
186.711
183.498
177.257
176.563
178.596
177.757
176.65
175.796
182.419
184.829
174.149
185.083
180.745
184.051
186.228
186.228
185.231
180.24
173.941
187.014
178.16
178.608
185.924
182.846
185.141
185.873
186.593
175.486
175.56
183.366
183.405
183.812
175.747
177.762
185.667
175.971
185.603
185.694
183.914
186.42
180.854
183.498
184.721
183.117
185.53
187.405
174.236
178.991
175.085
177.688
174.375
175.195
187.014
187.418
183.498
174.249
185.667
174.845
177.227
174.559
183.812
187.39
183.498
179.423
184.402
185.486
179.826
183.761
187.047
174.149
183.784
175.628
184.348
183.903
178.547
182.965
183.498
174.486
178.993
187.014
177.713
181.389
180.576
177.713
176.721
185.603
181.599
183.117
186.228
184.721
175.861
180.425
183.072
178.926
183.334
180.821
183.405
187.014
182.483
177.713
185.489
181.696
177.058
187.39
183.498
181.407
185.349
186.478
174.523
184.384
173.322
173.899
185.873
184.721
183.366
185.231
181.389
178.16
184.268
176.563
184.868
174.255
182.358
182.816
180.066
175.501
179.39
180.624
172.843
185.597
187.014
176.308
183.498
183.498
183.812
185.227
187.127
176.285
184.941
176.522
186.82
182.434
176.302
181.667
187.418
185.603
176.204
184.754
183.498
183.784
181.751
179.406
175.181
180.236
185.866
179.39
184.386
179.981
177.327
183.498
187.014
183.812
184.833
183.771
179.056
187.014
185.603
187.014
181.389
178.511
184.384
181.744
183.498
185.704
176.394
185.231
184.386
176.285
176.831
176.204
176.123
172.553
176.423
178.177
178.177
181.79
179.215
181.389
183.346
178.398
183.219
186.82
188.232
187.014
185.603
188.898
186.589
177.637
176.021
178.053
177.713
174.236
185.489
183.498
185.146
177.832
175.673
178.677
177.837
176.691
187.014
185.603
185.231
186.478
177.832
187.014
185.867
187.014
176.563
176.831
183.812
187.014
185.595
185.231
184.386
178.007
184.05
183.498
180.677
177.327
177.9
186.035
181.389
174.375
174.741
185.626
181.389
178.177
181.389
178.991
179.868
183.366
177.713
175.971
175.63
181.369
183.366
184.879
185.055
175.142
175.369
183.812
187.014
181.665
185.603
184.442
180.586
177.637
183.784
176.423
176.788
185.873
182.597
182.497
179.826
181.822
185.603
182.407
183.784
177.942
186.478
183.812
174.847
177.837
187.014
183.498
183.498
183.812
175.484
174.486
180.677
187.014
183.498
172.553
187.014
175.484
186.478
183.366
186.3
177.35
185.231
183.038
187.014
184.384
175.63
177.327
175.077
174.521
186.046
176.308
178.991
177.637
183.366
174.96
187.014
178.45
180.897
178.291
172.823
174.236
178.291
176.336
176.229
187.014
181.763
185.211
175.442
186.228
183.498
178.511
176.351
176.563
179.951
184.431
176.338
183.498
173.322
177.762
179.981
177.713
176.071
183.778
184.391
183.498
181.843
179.981
177.713
185.603
177.942
176.563
183.366
186.711
174.104
186.979
185.603
187.014
184.574
183.828
188.437
187.014
184.721
184.721
180.231
181.751
185.873
176.727
185.54
183.812
179.552
174.104
185.665
184.96
174.647
183.903
181.389
185.603
185.54
181.389
187.014
186.711
187.014
184.402
179.868
183.684
177.832
178.991
183.498
179.718
173.322
186.42
180.677
183.498
183.498
183.498
184.469
185.595
183.812
183.344
187.014
182.685
185.74
183.253
187.014
185.437
181.389
176.229
184.558
185.873
183.414
183.536
183.366
187.014
177.355
179.965
179.981
177.327
174.82
182.32
180.878
177.713
184.05
176.035
186.972
176.083
184.833
178.294
183.014
184.574
177.762
185.704
177.489
187.014
183.948
186.589
178.609
186.672
175.63
177.169
186.82
184.941
177.054
182.407
175.085
184.936
178.254
185.873
175.171
183.714
181.389
177.789
187.014
178.511
183.366
187.014
174.521
177.815
181.407
179.012
183.498
176.121
177.88
183.812
177.006
174.974
176.285
172.553
175.423
180.752
178.677
174.486
180.677
185.191
186.672
184.442
187.014
175.753
185.1
183.366
183.914
174.368
185.626
181.389
183.812
175.153
181.763
186.82
180.708
173.026
174.236
175.181
182.846
186.228
184.721
186.624
177.054
180.425
187.014
171.683
183.784
187.014
176.285
179.868
185.231
181.389
182.685
177.361
186.009
187.014
176.096
177.327
177.701
178.362
177.327
174.983
179.826
184.187
181.389
184.721
177.713
180.003
174.486
185.603
176.423
183.498
183.498
183.71
187.014
180.998
174.704
179.718
182.974
179.868
183.498
178.051
179.235
176.913
187.732
178.212
174.236
184.721
187.014
177.269
183.498
180.193
177.295
175.688
178.278
174.169
179.868
183.498
172.926
179.899
175.63
176.793
176.083
181.389
175.606
181.389
187.014
187.014
187.014
183.366
181.271
177.371
174.521
182.202
177.98
177.327
172.553
174.486
175.731
177.332
187.014
185.301
177.682
178.511
178.051
180.704
173.15
185.463
185.231
185.603
179.868
173.941
183.498
185.603
176.208
175.721
183.498
181.389
184.721
183.344
185.603
185.603
184.037
174.223
185.603
181.389
187.014
177.168
181.389
184.721
185.603
174.845
179.215
185.665
183.266
187.014
185.597
176.28
184.352
172.553
174.984
184.386
186.711
186.046
179.981
175.175
182.685
175.788
183.498
175.342
187.192
175.037
174.537
185.603
177.682
176.285
183.498
186.593
187.014
178.092
180.165
187.014
184.016
187.014
178.726
185.603
183.701
184.833
184.574
176.563
183.498
183.498
183.366
174.236
187.014
178.362
173.322
187.014
183.366
187.014
185.603
175.726
184.348
177.411
181.389
184.103
173.61
183.778
176.423
182.912
184.754
185.555
178.976
181.084
183.498
185.626
175.47
185.603
177.713
179.646
182.861
176.831
187.014
185.211
186.399
178.243
180.747
174.669
185.74
185.626
185.726
183.344
179.646
177.054
181.962
181.084
177.402
176.285
183.422
180.678
183.498
184.721
178.609
175.423
184.09
178.511
185.53
176.285
187.014
172.553
187.557
180.226
182.407
180.09
177.047
178.511
185.231
182.367
177.122
186.468
185.626
183.684
183.344
175.486
180.061
183.366
175.681
174.035
174.239
175.845
184.721
187.39
177.791
176.285
184.941
181.389
184.386
183.253
180.066
182.24
177.196
176.78
183.366
183.784
182.653
174.521
180.351
186.637
183.366
172.553
184.721
178.991
185.603
179.868
176.604
187.014
186.597
176.302
175.218
178.217
176.351
187.014
174.645
174.845
184.051
186.228
183.366
183.366
185.603
176.384
187.014
178.105
173.322
187.014
184.016
186.462
184.721
174.224
184.867
180.677
187.014
180.425
179.868
187.014
178.592
183.498
186.478
183.498
172.553
179.988
176.285
174.104
176.522
183.072
185.873
176.18
174.845
174.406
176.285
181.389
182.339
185.867
182.451
177.637
173.034
186.328
183.487
174.486
180.751
179.126
185.231
187.014
179.77
183.498
185.231
185.873
183.812
183.498
177.065
185.194
176.285
179.825
175.097
183.366
176.351
185.762
185.603
180.309
186.478
186.157
185.762
176.351
179.899
175.927
185.603
185.67
187.014
177.095
183.876
178.375
185.603
181.963
183.498
179.794
181.389
176.204
176.459
187.014
184.384
174.149
179.383
174.621
175.181
178.596
183.498
178.853
187.014
184.468
177.942
186.711
183.812
181.79
185.603
181.663
176.285
175.742
181.962
187.014
183.405
185.603
183.71
182.597
181.389
179.314
176.423
183.223
185.231
183.366
187.014
183.498
176.348
185.231
186.763
174.236
183.784
180.586
183.366
185.733
176.987
183.684
174.104
186.478
177.91
183.498
185.603
187.405
187.014
187.014
178.177
179.199
176.334
185.873
184.378
176.308
173.048
185.603
175.196
174.063
181.609
180.255
185.231
176.788
177.257
185.603
179.868
183.366
185.231
176.527
185.231
187.014
185.083
186.009
179.868
178.177
184.468
174.236
175.742
179.794
185.603
176.653
177.701
176.441
181.389
176.423
185.227
177.549
185.083
183.828
176.563
174.486
188.43
183.498
181.696
183.498
185.726
183.366
184.09
174.974
185.638
182.728
183.498
183.366
175.788
179.126
187.548
179.248
174.149
181.389
177.327
177.713
186.269
174.521
186.82
178.36
186.098
183.71
175.037
178.278
183.812
175.935
181.389
175.903
177.942
183.405
186.478
176.691
183.784
186.411
174.841
176.563
174.465
183.072
184.023
185.084
177.832
176.28
176.527
186.478
176.563
183.366
179.77
174.562
185.084
176.459
183.498
183.498
183.764
177.332
178.511
184.386
185.603
185.53
174.486
186.672
178.677
185.231
184.721
179.868
175.37
187.014
182.871
185.231
175.619
185.603
186.046
186.593
174.519
187.014
176.123
187.014
181.389
175.181
179.423
185.867
179.235
183.498
178.263
187.014
185.603
177.789
174.716
182.323
185.603
176.036
176.351
187.014
183.498
175.303
176.831
182.835
175.181
174.018
186.426
175.262
185.603
183.405
183.334
184.184
183.245
177.713
184.666
183.812
186.009
183.366
185.812
186.42
184.384
184.469
178.511
185.603
185.463
183.366
178.86
183.71
183.607
176.665
176.18
183.498
182.597
179.423
185.231
186.478
175.328
184.721
173.399
179.171
178.45
178.218
180.066
183.498
186.309
187.014
176.285
185.115
183.648
174.82
177.564
176.138
187.014
182.434
183.371
185.54
179.235
175.484
181.069
175.86
181.389
173.899
183.812
187.014
175.077
187.014
183.498
184.348
184.721
174.82
185.603
186.82
174.486
184.833
179.08
174.104
182.806
179.742
186.589
177.327
180.24
181.389
185.217
176.204
180.549
175.903
175.181
183.784
183.707
177.327
185.603
173.899
183.498
184.721
176.831
176.406
182.697
185.675
180.318
179.988
175.486
174.169
176.302
184.023
185.704
186.478
184.721
181.962
175.085
176.229
184.721
177.327
184.468
178.933
178.375
187.014
177.942
173.056
182.768
187.014
181.667
184.941
185.571
178.054
174.526
183.498
177.832
182.015
176.204
184.808
185.231
171.775
187.418
183.818
176.035
182.202
180.908
185.231
179.338
189.08
183.784
177.056
185.084
184.05
176.384
184.384
174.519
187.39
185.603
175.982
183.812
183.154
183.168
176.831
173.31
186.556
176.563
183.812
187.014
183.498
177.327
178.007
184.083
178.991
176.308
172.325
183.498
178.976
179.988
180.393
184.553
174.063
181.389
178.466
186.046
183.498
180.677
175.845
186.478
188.43
181.389
183.498
176.423
178.053
176.123
185.278
183.366
183.498
182.396
180.003
187.014
187.014
179.634
176.563
173.51
185.603
182.323
179.61
181.389
175.658
183.366
177.362
175.484
176.204
177.789
183.498
183.684
177.171
176.915
176.351
185.873
174.568
180.708
183.498
182.415
186.711
181.389
184.037
179.546
178.45
179.338
174.268
178.976
174.224
185.609
174.922
183.498
178.677
184.721
174.249
181.992
179.749
177.637
183.366
184.352
187.014
183.498
184.083
179.868
179.355
183.219
187.014
174.82
180.998
184.666
183.149
183.117
186.147
181.162
183.839
183.199
185.603
183.498
175.63
187.014
187.014
177.688
185.603
187.014
176.87
183.405
187.418
180.097
187.014
181.715
186.82
186.589
185.483
186.979
183.253
179.905
185.625
183.199
184.574
186.82
173.048
185.667
177.964
185.609
175.181
184.721
183.368
172.553
185.603
174.847
187.014
177.446
173.899
179.126
185.867
180.677
175.788
186.82
181.049
184.721
182.685
185.867
176.083
175.753
175.486
182.751
183.486
186.6
174.983
182.978
176.035
173.322
184.721
185.54
184.754
173.322
175.788
176.285
175.937
177.332
187.326
184.721
183.812
176.123
185.603
185.603
183.366
185.603
183.405
176.727
186.228
178.511
179.981
177.054
177.327
171.933
177.708
179.981
181.389
183.098
185.726
184.384
186.789
175.788
184.721
184.31
183.684
185.603
184.386
183.511
182.515
181.389
179.826
183.498
175.492
187.014
183.498
176.285
181.389
185.873
176.569
174.104
185.603
174.486
174.82
179.868
187.014
177.359
176.563
183.405
185.603
177.96
178.717
175.292
182.931
176.204
184.666
187.014
181.389
177.327
185.603
183.366
185.603
177.713
187.014
174.465
176.285
174.724
177.44
185.603
177.191
183.063
175.195
178.16
185.486
174.669
175.077
185.53
177.362
183.199
183.812
177.713
185.603
185.603
177.086
174.82
185.597
177.095
174.255
177.713
186.82
183.498
183.344
187.014
180.747
183.366
179.423
185.231
183.828
173.893
177.192
176.351
185.665
179.868
176.302
183.366
178.849
177.637
179.868
184.442
183.784
176.751
184.348
180.708
175.798
183.96
175.262
185.227
186.763
182.816
177.713
178.991
174.486
185.603
179.611
183.812
180.236
183.498
181.389
175.982
185.53
183.71
177.605
177.662
183.366
177.327
179.126
187.014
174.236
177.327
179.589
183.498
180.576
181.944
183.366
178.939
183.366
185.667
177.119
186.763
185.603
178.294
175.688
187.014
185.595
187.014
180.521
177.208
184.922
187.014
187.014
174.149
172.325
183.366
177.036
184.599
185.704
183.498
183.498
176.394
174.486
181.521
180.677
176.982
184.721
185.574
187.014
179.868
183.366
176.925
183.812
181.407
173.763
186.228
187.014
185.603
182.334
176.123
184.754
178.991
176.308
184.915
177.664
174.486
179.021
185.231
179.976
183.498
172.553
186.407
186.748
172.838
177.362
178.089
183.573
173.763
187.014
181.712
187.014
173.899
185.482
174.149
176.411
183.117
187.014
172.553
180.998
175.63
177.942
185.603
177.015
172.926
182.339
181.389
183.683
174.239
178.991
172.838
175.262
180.066
183.498
180.677
185.231
181.464
183.366
185.873
177.815
183.96
177.832
181.389
178.218
172.553
177.682
185.626
187.014
179.231
190.203
187.014
179.868
181.991
176.28
175.037
179.107
176.123
187.014
175.47
180.854
186.478
183.498
179.351
179.988
184.529
178.769
178.853
177.785
175.63
183.498
187.014
186.478
178.45
179.826
176.285
186.426
187.014
183.366
177.694
177.88
185.873
186.624
181.79
184.666
176.992
174.104
174.523
184.629
183.812
186.624
185.603
187.014
178.108
183.784
180.878
182.382
181.389
173.514
175.796
174.478
187.014
183.498
185.961
177.332
181.261
175.815
183.498
187.014
183.334
187.068
184.456
183.812
175.255
177.824
180.24
187.014
177.708
185.924
187.014
187.014
183.366
181.79
180.27
174.942
185.54
185.603
176.285
177.402
187.014
185.603
173.899
183.498
185.603
183.498
176.952
178.496
183.812
186.921
186.82
187.014
174.149
183.498
185.665
176.671
181.389
177.713
183.405
181.79
177.327
183.498
175.029
178.766
184.373
174.104
181.389
176.996
183.498
187.12
181.389
181.464
176.049
173.899
184.05
187.014
185.626
183.498
173.322
185.603
178.511
180.061
181.389
176.394
183.344
183.498
182.489
183.71
182.515
187.014
177.327
176.417
176.285
185.603
176.563
180.821
183.784
177.713
185.231
177.713
184.609
180.578
177.832
186.82
175.795
175.688
177.708
174.302
177.713
186.478
172.553
185.603
185.626
183.366
176.831
187.014
179.096
172.553
178.542
185.609
183.498
175.566
174.104
187.014
187.014
185.603
177.824
185.54
180.751
187.014
185.603
174.239
183.359
181.162
177.832
179.355
179.126
186.82
175.369
183.812
176.831
176.831
179.231
180.305
187.014
183.117
183.545
182.21
176.049
178.792
187.39
180.337
183.366
180.792
185.571
175.796
183.405
187.014
187.014
180.576
172.553
176.076
177.832
174.573
177.054
176.286
185.269
176.751
184.381
175.218
176.618
183.366
183.366
183.754
186.82
173.899
177.327
183.812
185.376
187.014
183.648
176.285
174.368
179.786
187.326
186.478
177.557
176.204
187.418
176.563
176.138
176.09
184.721
175.63
173.322
177.62
185.231
173.899
187.014
182.181
177.713
183.498
184.384
185.603
183.498
180.309
185.231
175.153
185.14
175.119
174.486
185.625
179.39
177.832
183.498
183.498
184.666
187.014
177.832
183.366
184.754
183.154
173.899
183.812
173.322
183.498
182.451
175.788
175.34
186.813
177.713
187.014
174.149
177.196
184.386
176.285
177.111
173.991
173.668
174.478
174.239
182.786
173.899
183.498
176.285
185.504
175.077
185.867
185.603
185.603
175.679
183.366
176.563
185.231
181.069
177.362
183.784
187.732
177.078
179.248
182.338
173.322
187.014
174.249
183.498
179.235
185.873
185.603
184.721
180.351
185.423
176.671
177.942
185.726
183.636
177.332
183.366
176.204
184.386
174.336
180.576
186.624
185.603
182.407
175.796
176.563
175.362
176.351
185.603
185.873
176.968
183.366
174.018
183.168
187.014
173.899
187.014
183.498
183.245
185.924
175.281
183.366
185.603
183.498
184.035
176.321
186.454
180.677
179.423
175.982
182.697
173.086
180.854
176.934
184.386
183.537
184.7
183.344
187.014
187.014
183.784
175.077
178.849
172.839
173.899
185.084
186.228
187.014
175.85
187.014
181.389
176.653
178.432
177.942
176.883
174.049
187.014
184.254
183.764
182.421
183.947
181.389
182.653
186.478
179.235
187.405
175.181
183.498
181.389
178.677
178.511
178.766
175.861
175.459
185.665
186.046
179.814
185.231
174.035
178.45
174.236
183.784
183.072
187.014
179.201
183.359
184.721
187.014
182.042
187.014
174.521
178.36
185.437
181.389
175.788
186.672
176.563
183.764
187.014
187.752
175.442
183.498
175.796
175.63
172.838
181.79
175.195
175.489
181.407
181.069
176.534
183.498
187.014
177.96
186.82
185.873
179.786
178.511
185.141
176.563
179.892
173.899
175.484
179.944
178.726
174.884
183.098
184.666
187.014
176.338
178.45
185.873
179.826
183.498
176.397
183.684
177.815
174.249
181.389
187.014
183.536
185.115
187.014
185.866
185.211
184.469
175.861
181.389
186.228
177.713
183.809
185.595
176.411
180.318
177.169
183.366
176.563
173.608
185.231
183.545
183.758
183.366
186.046
178.849
186.82
185.231
176.285
173.899
187.014
176.563
183.498
183.366
180.24
178.451
176.021
186.328
183.498
180.061
180.878
180.811
175.788
184.384
182.135
180.821
175.037
185.873
180.677
186.82
183.812
179.826
183.812
183.784
187.014
174.236
175.796
186.442
175.796
183.366
174.104
186.921
185.609
183.498
180.765
178.976
175.142
179.25
185.873
183.498
184.879
181.962
176.534
187.014
182.751
180.163
179.235
183.498
173.322
182.101
183.684
172.553
174.063
184.895
183.366
178.712
184.721
176.788
181.822
185.867
182.497
179.868
186.711
173.262
183.498
176.987
172.843
174.149
182.816
173.991
186.269
181.389
182.489
186.478
177.98
184.609
172.843
174.023
177.327
178.36
177.757
181.389
177.713
181.389
181.609
174.104
185.603
175.681
178.108
183.812
183.498
177.973
186.3
187.014
183.498
176.021
177.175
183.812
185.603
181.069
178.991
184.254
183.378
182.685
177.713
184.037
185.231
187.014
178.192
177.88
176.285
186.046
180.765
175.155
186.82
183.812
177.682
181.389
175.688
175.175
179.423
185.603
184.721
185.376
184.869
183.812
185.231
183.498
185.661
177.327
183.359
179.718
179.657
185.007
174.845
176.071
180.75
177.694
185.231
181.316
181.389
183.366
178.12
173.899
183.778
185.867
173.322
187.014
175.181
177.227
187.014
183.812
183.405
183.498
175.861
184.727
177.713
176.351
175.796
177.008
186.462
176.341
176.041
184.941
176.091
175.85
183.366
175.423
175.773
176.123
178.792
175.486
180.677
176.308
179.825
176.563
184.808
174.149
177.815
184.609
175.935
185.091
176.285
186.556
176.459
174.149
183.498
177.701
176.525
185.4
172.553
184.254
185.191
176.423
178.849
175.63
187.014
185.603
175.598
187.014
179.868
186.556
176.665
184.727
181.882
177.257
183.117
179.868
180.368
174.018
175.161
178.45
177.327
187.014
183.063
183.71
186.468
174.239
179.713
174.694
184.833
183.043
181.389
177.332
174.82
177.362
177.861
179.868
178.991
186.478
183.498
175.131
174.104
178.991
175.861
183.466
183.812
179.951
176.121
185.231
182.875
175.195
187.418
174.049
175.796
174.478
185.873
179.231
180.447
186.228
184.037
181.389
186.593
186.763
180.835
182.323
176.308
184.721
179.868
171.494
175.63
174.336
178.933
181.389
172.553
187.405
176.831
183.366
178.792
175.796
176.201
174.183
185.927
184.721
185.688
177.652
185.873
174.521
181.389
175.788
186.309
179.825
178.971
183.498
183.366
179.826
183.96
176.285
178.177
185.873
186.3
176.751
183.498
185.986
182.618
183.498
183.359
179.981
185.006
179.905
185.272
179.248
176.285
177.832
185.504
177.327
177.713
173.899
179.423
183.498
183.366
177.713
185.231
181.389
185.873
174.149
174.486
187.014
174.149
183.498
177.701
187.014
187.014
174.368
175.463
173.322
175.688
184.262
178.906
174.568
184.996
184.46
187.418
185.603
184.037
177.815
186.361
173.322
183.199
175.34
179.126
174.249
174.149
181.296
185.603
185.289
174.104
185.603
185.603
178.278
183.812
177.713
183.75
183.761
181.978
175.247
177.708
185.54
177.713
175.34
177.88
187.418
173.034
175.256
172.553
185.626
176.952
177.076
186.228
180.578
187.047
186.478
176.974
178.177
177.837
175.694
177.455
183.498
181.389
180.421
185.908
174.149
178.053
176.308
176.423
183.498
183.498
180.854
185.665
176.285
184.037
177.362
176.204
175.798
175.63
180.521
176.625
187.014
179.056
186.228
183.366
176.28
180.998
177.765
185.74
184.492
179.929
181.069
179.215
183.498
175.815
173.662
187.014
185.603
174.922
176.285
179.126
185.53
176.321
187.39
187.014
183.253
175.795
183.498
177.815
185.873
185.595
184.721
185.625
180.873
177.752
180.246
184.294
178.991
185.603
174.149
185.603
177.079
187.014
184.037
185.574
176.308
179.338
185.603
176.831
176.024
184.386
174.104
174.149
180.897
174.321
174.82
183.594
176.751
182.618
184.574
180.677
184.721
177.327
180.066
175.196
183.366
178.45
179.082
177.757
182.489
183.366
173.322
176.883
176.285
179.869
181.389
185.603
183.366
182.396
187.014
177.362
176.285
186.407
183.498
181.79
187.014
186.82
182.851
183.366
175.566
172.993
178.177
183.812
187.014
187.014
178.087
182.466
184.721
181.779
177.682
179.126
186.625
185.217
185.548
185.678
183.498
183.498
180.522
177.008
176.091
181.995
176.179
185.626
187.014
185.803
185.867
175.017
185.873
181.316
174.149
175.161
176.966
182.697
177.327
177.327
187.014
185.141
174.519
173.991
183.498
175.37
185.603
179.981
186.478
176.915
179.868
178.677
184.727
181.389
176.285
186.442
176.083
181.389
173.899
175.654
181.861
175.788
175.171
183.498
183.498
186.478
186.478
179.868
184.867
187.014
183.366
176.138
185.349
183.754
177.907
187.014
187.014
178.976
176.341
181.79
187.014
174.236
181.389
180.061
179.868
183.498
185.231
185.278
175.796
174.149
184.262
178.108
183.812
184.721
187.014
186.624
183.149
178.94
186.046
186.478
180.255
184.384
179.718
185.231
179.868
185.603
177.36
185.867
183.498
185.603
179.951
174.694
176.992
185.924
174.537
183.812
185.14
177.832
183.778
184.12
182.489
179.283
178.509
178.835
187.014
181.389
185.603
180.708
177.637
177.079
184.868
183.498
183.778
186.82
177.973
188.232
175.587
177.713
186.309
176.58
186.3
185.394
177.327
182.407
179.657
181.316
176.563
185.083
183.366
184.721
184.941
183.498
178.003
185.867
186.6
185.971
181.958
178.993
179.981
179.231
180.751
183.498
178.007
186.82
174.268
184.139
175.773
176.302
183.359
178.677
186.624
175.255
179.08
177.815
187.014
180.744
185.667
183.379
181.069
184.433
186.711
184.479
185.53
183.498
178.318
179.235
180.708
176.563
181.696
185.873
186.6
187.014
185.603
180.672
180.908
183.812
174.149
185.873
187.418
184.288
186.478
176.338
174.486
183.117
175.484
183.784
174.236
187.168
185.581
187.014
179.981
183.812
176.563
186.711
183.402
183.498
178.58
185.231
176.375
186.589
175.731
181.084
175.788
183.366
176.308
183.366
175.029
185.603
187.014
180.811
175.262
174.741
174.727
183.366
176.308
183.498
183.498
183.498
175.423
177.175
185.626
185.231
182.022
179.77
183.366
185.667
177.332
183.366
183.149
181.822
183.078
181.389
187.014
173.014
184.609
185.873
183.498
186.82
175.204
183.71
174.82
185.437
178.945
187.014
185.603
185.867
185.603
183.344
174.224
175.484
176.348
187.014
180.097
187.014
185.603
176.699
186.798
173.563
177.713
177.058
172.553
183.498
177.111
173.662
181.389
178.274
185.873
179.929
187.014
172.553
175.256
186.107
174.282
174.183
176.699
183.366
183.498
185.603
187.405
181.389
187.557
178.737
175.303
183.761
185.231
183.498
186.637
185.231
187.439
180.71
187.014
178.712
187.014
175.566
183.498
174.149
172.553
180.521
177.832
186.637
176.788
181.084
177.095
183.344
186.711
183.498
186.593
184.879
177.332
187.418
181.389
181.475
182.108
182.451
182.871
183.511
183.683
187.014
181.861
174.445
185.678
183.778
174.621
183.378
183.754
178.089
174.486
176.423
184.727
180.751
178.053
173.941
185.867
181.389
186.411
183.286
187.39
184.023
183.405
187.014
177.574
180.624
174.845
184.721
185.873
183.707
182.596
185.231
186.589
180.652
183.366
179.283
174.486
181.084
187.014
181.389
175.592
176.883
185.842
173.899
183.366
183.812
185.704
184.867
173.563
177.973
184.721
185.603
177.574
174.149
184.754
183.133
187.014
181.369
176.285
177.637
185.007
179.091
177.682
183.683
186.478
186.478
176.522
185.006
185.231
182.871
175.181
174.841
184.721
183.366
183.498
186.478
187.014
185.54
179.794
182.338
175.788
177.391
187.014
181.464
183.498
180.097
178.496
183.71
175.796
176.285
186.107
175.861
184.666
179.825
177.713
186.442
186.672
181.369
181.389
181.389
187.014
173.322
185.603
187.014
185.217
187.924
181.049
187.014
179.826
186.921
183.498
184.721
187.014
181.599
176.563
178.547
173.322
183.764
172.553
184.342
175.162
181.389
187.014
187.014
183.498
176.588
177.921
181.763
174.236
179.826
178.451
183.498
179.078
187.405
172.553
183.498
187.014
178.772
184.456
178.806
187.014
180.305
177.713
183.366
176.302
183.498
181.475
186.046
180.043
184.456
181.599
176.328
183.498
180.337
183.498
187.014
179.156
179.826
180.984
175.788
185.603
184.754
187.014
183.366
177.327
187.014
173.322
183.498
186.228
178.108
178.991
187.39
185.603
188.232
181.924
184.941
173.322
183.154
178.609
185.667
177.257
175.796
179.126
181.407
176.831
178.837
180.677
175.988
175.788
183.683
174.486
184.699
186.046
179.232
176.061
175.089
177.637
186.82
175.131
187.014
183.98
179.826
187.014
184.037
176.883
180.878
176.18
183.684
173.738
184.254
177.662
175.118
181.794
175.181
183.366
185.231
180.878
173.899
182.474
181.837
173.322
175.654
181.162
185.873
187.014
186.711
182.326
175.788
179.231
184.468
174.149
174.018
182.806
185.231
177.791
176.497
187.014
183.684
184.468
183.366
185.603
173.322
186.556
184.037
181.389
183.498
184.814
184.721
175.196
185.217
183.498
187.014
174.224
183.287
181.599
183.344
181.389
174.236
175.673
183.947
187.014
183.498
186.82
174.104
177.942
184.037
177.362
176.049
180.368
174.149
179.868
187.014
184.721
184.711
184.023
180.524
185.603
180.829
179.794
179.235
179.021
176.285
178.051
184.609
179.868
176.204
187.418
180.677
183.498
187.014
174.236
187.014
180.24
179.868
174.486
185.231
175.142
180.133
187.014
184.721
184.15
186.965
176.833
175.131
185.873
179.868
176.147
173.322
181.069
187.014
182.407
187.014
183.498
180.878
183.498
185.231
173.899
184.442
183.812
180.521
183.498
187.014
174.104
186.763
178.605
176.123
177.44
185.625
175.788
174.104
180.006
183.498
175.796
180.023
175.86
187.014
185.781
187.014
180.677
179.868
176.121
179.981
185.301
182.326
184.348
177.713
184.721
176.088
174.268
176.308
183.498
184.468
181.407
176.302
183.366
186.101
185.873
184.037
174.149
176.29
175.085
175.34
175.566
172.553
179.981
176.123
178.849
177.616
182.202
175.085
183.286
182.597
187.014
176.035
183.818
177.824
181.389
177.569
173.322
176.035
186.82
175.195
181.963
187.014
185.835
183.812
183.765
183.366
186.478
184.037
181.369
179.423
180.522
176.021
175.98
183.498
181.389
173.322
173.593
173.563
176.285
183.366
184.442
179.718
182.103
182.861
174.486
178.991
181.389
185.595
183.498
175.707
183.168
179.826
182.596
176.076
183.498
186.593
176.204
186.857
176.831
185.571
176.911
177.438
180.397
186.055
186.711
186.82
176.563
183.249
177.327
184.037
186.589
178.087
182.022
174.742
183.498
183.366
185.762
174.104
185.262
175.788
183.498
175.927
173.899
176.831
179.981
186.478
176.285
187.014
187.014
183.498
178.396
179.061
174.82
187.014
177.327
175.727
183.812
183.405
172.553
178.108
180.066
183.344
185.603
177.327
176.077
181.985
185.231
180.181
187.014
182.35
181.389
175.731
185.873
176.423
185.007
187.014
183.249
183.812
187.014
181.389
184.035
179.65
184.721
174.82
183.498
174.149
180.165
176.204
185.603
181.909
182.559
185.53
185.182
183.71
186.009
185.873
175.628
184.384
180.71
175.196
183.812
185.867
176.302
178.677
176.73
180.934
184.468
183.778
185.231
173.899
185.54
186.309
185.603
177.496
179.278
176.552
179.082
187.014
187.014
181.995
185.726
187.405
183.498
185.597
181.162
185.812
181.389
177.327
185.096
185.694
185.231
186.82
185.873
176.249
184.384
185.603
185.665
184.381
176.123
179.615
181.389
183.498
181.229
179.951
182.489
185.812
181.79
187.014
173.899
171.683
183.812
184.652
180.677
179.868
174.486
185.603
185.867
182.323
185.603
179.951
187.014
183.366
186.009
187.014
186.637
174.841
185.873
174.063
177.327
174.149
178.108
185.762
185.638
185.603
183.366
179.361
176.992
176.204
179.826
181.306
181.831
182.323
185.231
185.231
186.721
185.873
174.9
176.647
185.603
185.231
183.366
186.309
183.498
187.405
182.181
180.939
183.498
175.134
183.498
178.208
187.445
178.677
182.653
174.325
185.349
183.366
176.285
183.333
177.762
184.384
185.231
183.498
187.39
187.871
179.029
175.742
177.637
177.942
176.336
173.034
172.553
176.307
174.104
183.684
181.389
174.149
183.199
187.014
178.115
187.014
182.603
183.117
179.816
185.625
181.79
184.996
183.498
174.236
183.405
184.079
178.45
177.791
187.014
181.609
174.486
185.231
175.501
181.958
182.421
175.518
181.822
181.389
186.672
181.389
186.711
180.166
176.563
188.43
179.868
187.014
183.366
177.473
181.389
183.498
183.784
175.397
183.366
176.699
173.086
178.772
175.628
177.713
179.718
183.498
186.82
183.764
183.117
174.104
183.784
173.991
186.965
176.179
183.784
176.563
176.563
177.362
175.225
175.029
179.77
187.014
177.832
183.498
185.873
176.351
174.336
186.464
176.351
174.104
184.442
180.878
184.492
185.231
176.951
186.478
176.831
174.321
183.71
174.521
185.231
181.79
183.366
175.85
184.384
185.505
177.637
181.069
181.316
174.183
178.976
183.498
183.127
186.478
186.009
175.98
184.727
179.826
183.149
178.108
174.236
185.603
186.478
181.069
182.705
173.991
176.665
177.713
174.486
186.711
185.483
187.014
183.545
180.878
175.903
176.28
178.976
183.498
181.79
183.498
183.771
184.016
187.014
182.367
178.108
175.681
184.544
183.366
187.014
179.868
174.742
184.721
187.014
182.751
175.992
175.63
174.104
173.322
183.58
178.45
183.498
185.678
178.677
176.563
185.603
185.603
183.812
182.103
174.486
186.478
184.666
186.407
187.014
177.036
185.694
174.169
185.603
179.106
184.879
176.204
181.369
183.498
187.346
184.721
187.014
176.563
183.498
177.678
186.921
187.014
174.486
176.735
185.603
187.014
172.553
185.194
187.014
179.091
176.351
180.236
176.123
176.351
184.721
187.014
177.931
183.366
182.518
178.991
184.721
180.708
182.685
183.344
185.603
176.306
184.721
178.774
185.603
174.486
178.926
174.96
185.423
188.43
174.149
183.366
183.344
183.71
177.713
185.873
177.327
185.289
171.511
183.422
176.407
181.333
185.873
183.366
184.721
182.339
185.603
186.046
179.08
175.181
185.961
186.749
179.929
175.771
183.812
187.014
173.322
181.407
183.366
177.362
180.231
183.286
174.236
178.308
185.54
177.815
175.281
181.389
177.633
183.498
184.781
185.603
173.086
176.788
176.563
175.171
185.571
177.327
183.498
179.435
185.603
183.498
183.812
179.786
178.108
175.34
179.718
176.285
184.721
183.71
184.391
184.386
187.445
187.014
176.229
187.014
186.478
174.255
187.014
179.944
182.421
178.896
185.603
187.014
173.899
187.014
185.603
178.326
176.285
175.982
187.418
176.229
180.236
175.788
187.405
185.603
185.231
183.812
185.704
183.498
176.204
185.835
174.023
185.083
173.769
172.553
174.694
174.104
176.123
187.014
180.854
186.82
185.69
178.16
175.815
183.684
180.231
181.069
180.677
180.066
174.486
183.498
177.616
181.389
183.366
175.626
180.878
185.626
176.229
174.368
175.688
177.713
177.552
182.24
181.197
184.721
181.389
179.819
183.778
183.366
185.609
175.654
183.812
185.603
187.014
175.181
185.667
186.046
184.727
182.705
181.715
186.82
177.362
184.727
184.574
183.812
176.123
179.899
177.095
174.631
180.998
185.231
174.321
187.014
176.297
179.435
187.014
186.82
184.051
175.077
177.637
178.108
184.01
175.788
175.343
177.713
187.014
183.366
181.389
177.362
181.407
177.327
183.812
185.504
180.878
185.873
185.603
187.014
187.014
184.666
175.628
187.014
183.812
183.117
183.344
181.318
180.747
185.191
174.621
181.389
183.498
185.483
176.407
176.563
185.603
179.868
186.82
187.014
176.831
185.603
180.193
175.077
179.423
185.603
183.498
177.327
183.498
177.362
183.366
185.603
175.131
180.305
173.322
181.389
178.177
174.82
179.126
173.322
176.952
183.366
179.96
183.498
185.231
178.32
171.933
187.014
185.873
180.066
187.014
183.812
175.484
187.228
181.696
183.154
187.752
181.389
172.553
185.603
183.378
187.418
186.82
184.328
188.232
183.684
179.65
183.41
180.878
185.423
172.553
180.576
174.239
184.721
174.537
187.014
176.563
187.326
183.812
174.845
182.653
185.603
188.028
174.845
176.09
185.574
185.603
184.037
177.46
181.389
174.809
184.597
177.832
177.442
182.338
179.245
187.014
175.586
185.694
186.82
171.553
179.899
177.159
178.592
183.245
175.029
187.014
185.603
183.498
184.254
181.609
187.39
176.204
187.445
181.389
177.327
180.758
185.873
185.603
175.903
183.747
175.869
172.595
182.871
180.652
175.149
185.873
186.3
182.518
176.308
180.708
176.285
172.553
176.338
185.603
174.631
183.117
181.425
181.696
179.988
184.456
187.014
177.923
175.635
177.327
186.82
186.478
186.228
183.366
185.289
174.523
183.498
185.437
183.366
183.366
183.41
178.177
180.816
185.217
174.104
176.285
177.365
178.108
185.609
183.498
179.825
184.754
185.603
176.831
175.486
175.731
187.39
184.721
178.371
174.104
174.845
175.566
177.327
183.498
185.726
183.498
185.603
177.697
176.563
176.121
183.812
184.869
174.742
175.796
187.014
178.596
185.115
180.052
176.083
174.645
180.706
176.123
182.323
178.208
177.327
185.873
183.498
176.035
177.713
176.285
183.812
185.603
185.609
181.617
176.021
179.605
174.104
183.812
176.952
183.903
183.487
179.082
184.574
185.603
175.903
183.366
177.708
176.992
180.003
177.257
185.231
185.603
175.788
183.498
183.405
186.224
187.014
184.037
182.326
182.323
181.963
183.366
184.721
177.682
184.386
175.935
185.504
182.21
179.278
179.868
175.931
175.161
187.014
185.603
184.754
177.208
187.014
172.843
183.812
184.721
187.014
181.162
184.666
175.085
183.498
182.697
185.231
185.53
176.432
185.437
174.853
187.014
187.014
182.871
184.083
174.321
185.231
186.82
176.847
174.478
180.821
180.998
183.647
175.149
174.149
185.603
185.694
181.79
176.285
179.868
181.239
181.222
176.351
176.769
181.389
186.711
183.366
185.873
186.228
174.523
183.498
184.7
178.824
179.126
180.576
184.721
182.421
175.569
185.873
183.405
175.643
174.149
184.268
179.08
187.014
183.709
183.253
187.014
178.108
183.117
187.014
185.961
175.931
179.325
178.177
177.052
185.603
187.732
187.418
186.82
181.296
174.239
187.014
174.104
183.771
184.254
187.014
182.103
173.322
176.285
176.334
185.873
174.486
176.229
184.402
175.059
175.726
186.478
182.84
184.956
176.699
183.366
185.603
176.338
182.394
184.936
183.71
185.143
185.54
174.82
183.498
186.82
185.867
175.595
175.788
186.857
173.877
186.624
183.684
184.721
177.362
178.471
176.285
185.873
176.071
174.104
175.63
175.628
186.583
186.442
184.721
185.603
186.82
181.389
175.181
178.991
183.812
183.498
183.498
185.603
185.867
182.224
180.165
182.816
183.784
175.119
184.721
178.105
179.234
183.58
184.879
174.839
180.811
186.82
185.603
185.609
187.014
177.095
175.931
186.979
177.388
181.389
176.921
179.825
184.468
178.007
185.603
185.867
184.833
174.748
185.603
174.224
175.204
176.285
179.283
183.536
181.407
175.688
182.407
177.637
185.625
186.478
185.626
175.566
183.366
186.436
184.721
185.625
185.694
185.603
185.191
181.89
185.675
177.327
178.933
177.327
174.236
177.662
183.778
174.845
176.974
181.316
177.791
187.014
185.54
184.721
176.306
185.626
186.711
179.718
187.014
182.871
176.285
179.718
179.869
185.055
187.014
185.609
183.498
176.204
183.366
186.593
184.348
177.111
183.498
179.361
178.108
185.661
181.744
185.505
179.657
187.481
173.991
185.923
182.685
185.54
174.486
174.149
177.086
174.486
181.069
183.498
175.788
178.208
189.08
177.713
177.327
176.308
183.876
184.051
178.429
177.713
185.603
186.589
179.981
179.786
183.812
183.498
174.149
177.327
182.382
184.037
186.508
181.389
187.014
175.859
172.645
180.236
172.553
178.108
185.694
176.021
175.149
176.035
181.389
185.091
177.449
181.389
183.812
178.325
185.603
186.3
187.014
183.498
178.108
181.389
179.826
185.603
185.603
173.048
177.327
185.055
177.21
186.711
175.691
173.899
176.28
175.085
179.786
175.343
177.713
184.468
174.501
183.366
175.175
179.981
185.603
183.498
177.713
184.879
177.942
183.498
185.231
175.681
186.478
175.486
185.54
181.069
186.82
185.571
185.867
185.231
184.31
177.98
175.587
185.603
187.405
181.389
175.63
186.442
179.868
185.231
177.327
185.0
187.014
188.232
184.721
179.283
185.646
173.899
185.181
173.056
185.54
173.322
181.389
182.816
175.204
174.149
173.899
183.778
180.014
174.839
185.231
177.574
185.867
177.698
175.161
175.181
176.563
180.236
185.0
187.014
185.873
179.078
184.721
181.389
180.066
177.327
187.014
176.285
187.014
180.939
176.285
179.929
173.322
174.149
177.362
177.815
186.782
183.536
174.406
184.529
187.014
175.049
185.603
185.211
185.781
185.873
180.488
177.327
181.389
179.65
177.327
181.963
186.478
174.727
185.867
178.45
183.117
174.727
183.812
184.833
174.406
185.231
174.486
177.036
187.014
187.014
185.603
179.107
187.418
183.536
179.021
187.014
179.77
175.397
173.262
173.899
176.123
178.177
175.181
183.778
175.681
187.014
186.228
183.498
177.694
184.049
187.014
184.666
180.677
179.423
175.34
176.306
186.046
173.262
183.498
187.014
186.478
184.721
177.058
185.603
173.899
177.713
187.014
183.498
180.309
186.711
184.037
174.651
174.236
179.951
178.217
176.691
187.014
183.498
171.422
178.511
180.624
185.626
175.486
176.913
185.574
174.104
185.603
186.593
185.667
178.596
183.812
185.603
176.411
174.104
177.637
183.366
177.694
178.592
178.089
185.704
174.486
183.498
175.077
185.625
181.389
179.826
179.718
185.873
177.682
184.936
176.076
182.853
178.218
178.496
187.014
186.508
183.812
175.142
187.014
177.682
175.355
176.459
187.39
179.361
172.553
177.332
184.211
187.014
183.778
176.338
183.684
186.711
185.211
185.867
180.052
183.366
187.014
185.678
175.845
187.014
178.053
185.54
187.014
183.366
183.498
183.366
176.285
179.826
185.423
178.826
180.309
185.301
176.138
176.668
185.278
176.351
180.003
172.839
184.718
185.231
178.724
181.601
183.784
176.915
179.981
180.672
185.873
177.713
185.581
181.617
183.812
177.332
173.899
177.757
185.54
185.231
185.231
175.175
183.784
183.366
184.666
186.478
179.944
171.422
175.37
181.794
180.677
180.51
181.599
185.899
177.455
174.224
174.104
183.498
183.71
188.232
179.826
187.014
174.104
181.389
186.462
177.203
175.34
183.366
187.823
182.697
180.677
173.322
183.647
179.713
186.711
185.873
174.521
185.436
183.487
186.399
176.563
182.415
181.389
180.677
186.6
174.149
182.559
181.389
184.754
172.553
183.498
177.095
181.389
186.442
183.812
186.478
183.498
172.553
178.511
175.796
175.927
182.697
179.423
183.948
183.498
176.285
180.708
187.014
176.285
183.498
180.677
180.897
178.177
177.789
184.721
187.014
180.236
184.05
184.96
185.603
179.197
174.651
183.764
180.047
187.014
178.766
185.211
183.498
179.423
179.718
178.092
177.824
179.868
187.418
182.974
172.839
181.805
185.626
176.285
185.231
178.772
183.498
186.577
177.402
175.937
181.389
182.396
178.108
179.552
186.399
177.688
184.037
185.873
185.603
179.183
177.327
183.498
183.498
188.898
183.149
175.484
184.721
175.788
175.796
172.453
174.104
185.603
179.868
175.861
183.366
185.217
185.758
176.338
177.808
174.427
183.498
173.662
178.087
172.497
185.055
181.789
174.486
176.423
183.498
179.786
179.826
185.603
175.788
185.873
185.603
187.014
172.553
176.699
185.867
185.54
173.322
183.366
175.788
181.464
175.937
171.494
174.357
174.104
173.563
176.831
174.486
174.486
186.965
175.486
183.498
184.621
177.327
174.727
185.231
182.326
186.454
184.469
185.603
183.595
186.589
183.063
178.177
177.355
174.236
172.553
183.366
180.747
176.306
181.958
186.046
176.285
187.014
187.014
176.625
181.389
179.868
175.63
182.92
185.67
182.135
185.603
184.781
179.39
187.014
183.812
176.666
186.82
181.306
185.231
174.486
184.004
187.014
187.014
185.231
178.72
181.069
180.821
183.366
177.489
184.037
185.603
185.603
177.694
183.498
185.638
183.498
183.498
174.82
183.498
176.497
182.861
173.893
183.784
179.826
181.389
186.478
183.498
183.359
184.721
184.954
179.868
185.54
180.811
176.982
174.321
174.621
185.924
187.014
186.82
182.871
184.721
177.327
179.874
175.788
172.497
181.389
178.217
175.566
183.072
187.014
183.098
183.44
186.556
185.54
179.826
174.239
177.832
180.897
178.853
183.595
187.014
182.464
185.603
183.098
185.74
177.832
183.498
174.104
187.014
187.014
180.677
185.231
172.993
183.498
182.338
183.648
183.812
182.419
184.452
187.014
184.083
183.078
178.115
185.646
183.366
183.366
175.796
186.593
175.424
174.645
181.084
179.899
176.407
184.956
182.618
185.873
184.808
175.628
183.812
179.826
171.683
175.484
183.498
176.563
178.399
185.603
181.389
185.54
177.83
186.426
182.323
182.326
182.597
183.432
176.285
187.014
178.726
185.603
182.451
176.083
176.351
182.978
173.837
187.014
174.236
177.365
180.586
174.841
183.498
182.978
180.066
180.305
178.837
176.088
185.083
181.794
176.123
183.154
185.726
173.899
176.982
187.014
176.423
177.327
185.603
181.609
184.721
176.338
183.154
185.603
185.231
180.576
178.838
181.389
183.333
187.014
183.778
185.603
181.389
177.921
175.162
180.908
174.727
173.322
187.014
178.295
183.498
184.754
183.498
179.868
187.014
174.368
184.721
185.231
185.231
185.667
179.794
179.156
