184.369
152.917
142.556
204.648
173.928
181.682
174.957
148.46
178.111
168.408
180.925
197.348
141.184
208.638
178.27
188.79
173.19
179.498
177.223
187.053
141.456
157.537
181.997
178.378
177.697
179.969
177.728
175.511
185.326
164.382
186.665
186.056
190.152
175.982
172.478
181.573
192.233
179.438
163.233
164.82
176.517
162.821
193.255
177.313
175.204
176.765
172.959
180.035
187.695
181.653
170.265
148.459
186.632
182.845
179.253
185.141
186.298
171.422
178.041
173.747
159.125
167.004
191.217
181.666
165.376
183.012
168.626
208.199
180.02
163.478
174.905
167.196
169.856
153.276
187.706
180.999
180.652
168.535
160.807
160.871
185.347
184.045
163.78
206.273
170.536
174.775
168.396
171.946
179.503
155.879
179.496
178.519
152.387
187.048
178.806
158.099
172.141
153.616
161.142
159.554
150.725
162.832
169.523
172.852
172.586
173.15
196.852
160.634
203.115
154.898
160.177
185.18
167.608
153.945
182.768
170.327
169.187
172.768
193.962
198.545
176.25
152.211
174.05
191.269
159.263
213.107
207.052
163.948
153.896
184.554
164.099
183.632
177.915
196.403
168.962
183.197
175.285
206.229
166.603
165.123
181.07
179.678
176.734
154.152
172.169
161.696
188.283
191.742
161.536
156.96
170.577
178.459
160.715
164.43
174.45
179.038
163.752
164.039
184.278
175.128
180.054
174.436
185.875
193.391
165.849
210.926
156.971
162.019
191.72
166.362
180.406
204.609
171.087
159.03
190.472
148.738
161.132
175.531
164.692
185.1
169.553
183.339
163.741
186.837
170.943
171.87
158.144
161.048
178.953
175.642
154.923
188.321
166.027
183.882
171.994
170.084
178.594
192.095
187.566
160.491
175.014
190.655
188.767
158.35
146.609
196.456
187.198
185.371
148.805
187.34
158.51
175.716
166.67
168.553
181.805
188.067
163.61
183.541
159.728
167.832
178.283
158.407
191.088
183.914
144.921
180.279
159.938
189.318
168.313
182.485
190.202
174.886
164.577
161.645
170.925
192.87
199.047
164.214
170.186
172.873
155.405
171.596
186.649
189.129
179.88
182.861
145.284
131.364
178.56
173.941
191.107
167.397
182.707
181.352
178.18
185.897
169.911
188.518
148.398
184.782
164.229
168.612
184.663
180.313
156.803
159.936
184.599
173.347
200.276
166.749
181.445
165.757
174.635
182.121
173.339
169.396
157.718
169.917
164.052
198.664
196.415
181.198
153.742
174.402
192.354
166.396
206.483
172.827
176.665
160.746
156.931
192.834
188.592
165.306
184.06
181.456
197.538
226.316
191.621
178.208
174.547
176.002
161.375
162.306
172.599
158.685
194.879
191.011
194.635
160.097
140.481
151.577
181.914
183.101
155.041
166.907
176.541
191.008
167.89
162.601
177.098
175.172
156.238
146.972
181.683
170.109
190.73
164.386
176.737
201.373
167.039
154.594
151.894
172.091
188.07
169.235
170.463
183.401
149.504
166.512
183.983
185.383
179.266
157.152
177.364
174.194
175.977
199.768
162.362
176.365
177.339
169.552
187.144
188.544
176.824
183.912
164.368
177.944
177.243
185.871
162.405
173.259
167.461
168.427
193.138
184.807
166.118
174.488
166.063
199.302
170.531
173.141
188.614
197.152
169.85
177.642
173.83
169.151
175.21
177.13
159.841
167.402
178.797
178.756
158.043
181.537
170.046
160.435
163.95
182.938
161.41
189.155
176.869
158.779
182.239
179.104
178.956
170.289
155.631
164.805
156.519
169.272
165.643
152.216
154.417
168.221
168.992
173.534
176.425
190.017
166.431
182.18
181.112
205.226
165.265
191.194
189.031
158.176
183.222
199.092
190.346
157.831
178.54
177.785
171.893
158.179
182.312
158.43
141.134
169.196
185.372
169.457
152.488
188.813
161.626
191.262
207.637
177.196
166.195
161.854
174.094
164.311
166.58
181.903
190.643
178.207
183.636
176.785
172.124
177.293
164.442
183.292
176.638
168.631
187.233
174.18
175.224
183.687
157.892
179.012
214.122
159.392
197.84
164.888
193.579
186.702
177.465
173.847
176.466
184.608
171.757
205.531
174.701
166.901
161.712
155.706
196.928
189.535
159.432
179.545
169.817
191.405
173.467
173.98
178.425
175.981
154.895
178.943
176.576
182.242
204.224
146.11
183.551
158.452
196.853
179.262
187.435
168.361
183.906
139.549
169.603
172.59
185.33
185.634
191.028
197.49
171.299
162.325
155.529
159.704
187.061
162.85
176.535
190.552
163.765
203.386
186.783
157.308
196.524
167.694
186.641
168.955
189.05
179.337
189.721
180.76
188.358
178.76
170.692
160.966
166.598
200.174
182.031
191.49
184.053
161.687
150.794
188.471
171.172
170.252
200.214
192.869
172.059
166.734
177.052
170.392
196.938
161.394
163.416
163.238
185.789
172.447
170.382
183.444
171.095
192.78
159.292
152.189
169.183
159.23
174.239
175.001
175.638
189.699
167.082
178.161
163.314
162.019
179.809
209.234
171.951
154.313
158.771
211.712
171.908
160.768
159.528
189.092
170.62
151.319
183.847
198.15
184.719
173.356
146.129
167.869
176.99
186.876
176.367
199.122
168.501
148.022
187.821
163.081
165.918
179.232
179.547
176.744
156.311
176.342
194.204
173.763
166.438
164.095
177.647
188.009
166.364
164.271
178.979
184.772
161.517
156.728
160.192
181.0
184.341
166.704
175.601
171.04
188.743
189.457
159.46
181.93
177.01
156.001
170.439
190.643
178.337
172.314
155.555
176.31
190.75
163.774
164.62
165.478
195.09
161.522
160.966
189.261
190.389
160.621
183.153
180.578
197.123
191.114
164.098
161.909
175.704
170.011
182.504
195.574
185.088
180.601
197.632
176.321
174.611
195.424
160.583
195.52
172.795
177.898
167.963
174.75
161.344
178.792
173.315
181.312
175.978
184.369
174.07
188.624
186.006
165.237
172.518
184.236
172.005
168.901
154.896
187.221
178.092
160.874
186.937
200.775
200.951
182.643
174.428
152.441
163.377
188.695
176.436
157.874
167.239
172.07
172.681
166.46
203.478
162.784
172.197
166.449
172.744
163.405
178.897
194.682
175.207
173.101
154.665
153.113
188.532
191.238
166.908
152.562
181.412
194.178
201.544
183.86
178.204
174.601
180.202
165.985
187.942
186.98
145.372
194.965
178.014
162.878
171.71
156.317
178.973
163.155
179.074
182.032
177.458
194.106
186.712
164.396
179.104
174.561
178.973
219.952
199.725
161.992
167.694
173.511
174.2
195.615
172.284
176.945
208.163
186.748
164.008
189.693
156.563
175.051
199.81
176.518
167.644
166.709
180.393
155.247
158.838
159.109
183.352
181.515
200.339
161.497
205.518
183.376
174.86
153.711
183.536
185.832
180.157
178.777
157.706
178.891
176.75
194.499
174.212
181.241
167.371
178.542
162.98
195.923
184.01
159.062
168.925
160.527
185.575
149.643
192.174
191.305
204.159
173.527
162.743
177.369
184.046
172.292
198.594
196.923
166.036
159.797
179.688
161.225
181.535
193.189
151.194
194.958
215.177
189.471
182.199
162.203
197.813
184.163
197.575
168.868
169.225
154.612
195.829
203.984
165.125
186.536
181.101
199.864
161.264
184.633
174.005
160.096
158.692
167.881
162.333
185.771
175.138
180.188
108.224
175.342
172.951
173.924
164.375
182.112
172.046
171.004
178.248
155.051
177.844
202.862
175.82
164.725
167.428
177.138
182.218
165.745
139.642
195.403
187.519
162.985
167.829
182.782
174.829
171.084
167.424
175.997
179.554
180.484
187.595
173.422
184.93
173.7
162.189
175.016
154.136
168.217
181.44
157.212
184.985
172.705
167.721
198.552
179.295
196.689
162.483
188.004
167.213
205.455
189.498
182.948
188.187
184.586
184.46
174.715
183.355
164.188
177.868
177.028
168.24
186.071
159.509
167.741
174.642
204.716
175.966
177.298
176.097
160.137
163.143
187.336
153.804
174.105
194.087
147.961
172.995
179.641
186.805
168.636
149.947
187.769
162.901
158.732
190.691
169.34
176.852
180.817
148.495
213.653
184.601
169.691
182.566
173.297
166.782
165.967
174.212
174.858
181.325
205.391
168.01
175.715
163.895
169.645
172.544
184.612
161.493
171.134
184.261
187.354
182.849
170.72
171.38
183.615
178.122
165.685
207.645
201.98
166.074
164.494
175.127
168.974
164.091
177.984
175.392
172.528
157.856
172.898
170.341
162.739
185.288
146.767
178.613
153.586
194.666
171.867
154.695
164.452
179.008
185.669
182.386
157.248
169.5
184.382
166.314
182.254
203.417
187.311
159.118
191.92
164.467
174.158
175.92
173.561
175.318
190.099
184.448
174.308
187.712
164.504
158.265
157.857
159.233
204.568
151.34
169.601
180.794
169.622
202.103
156.64
155.982
165.993
166.798
183.581
208.471
189.738
156.559
171.172
171.247
166.401
192.975
169.139
195.941
198.436
182.081
166.217
178.169
157.435
170.752
171.048
180.475
171.748
158.754
170.116
196.296
192.084
180.55
167.769
181.848
177.963
170.475
167.648
170.015
171.982
165.538
195.131
171.945
173.305
182.002
167.046
154.167
166.581
179.92
195.185
154.967
215.738
174.885
167.252
177.308
184.388
169.037
174.96
161.673
174.205
187.95
169.374
173.363
167.864
168.545
150.287
166.86
186.366
217.24
193.634
201.666
163.877
154.385
164.789
180.528
183.176
173.004
186.228
179.843
190.457
178.045
193.755
200.335
173.134
164.793
192.772
196.634
176.744
169.708
202.691
188.666
177.237
180.875
148.967
188.096
159.569
177.093
189.564
190.043
167.665
186.296
178.417
167.884
175.198
214.002
186.928
150.188
169.784
184.243
175.288
165.127
158.885
181.67
157.3
157.363
173.098
165.811
196.099
169.819
191.058
177.758
174.276
175.337
171.223
182.819
160.1
175.12
180.871
170.807
182.16
196.106
222.112
168.093
160.047
212.706
166.708
187.789
175.335
185.081
190.16
167.759
193.182
165.314
199.191
159.842
186.965
176.645
142.538
159.468
195.013
171.066
155.312
177.23
196.624
168.519
150.88
187.172
172.023
164.723
178.102
166.638
169.438
175.372
164.619
170.85
135.735
193.434
195.633
170.398
191.085
159.212
173.529
184.138
179.208
192.643
188.497
204.456
137.796
188.266
173.443
161.983
136.802
172.768
185.344
168.121
201.986
202.746
169.598
192.382
189.181
175.616
174.418
173.408
159.95
170.403
194.099
175.528
189.097
170.851
172.023
187.678
171.151
180.236
174.467
179.337
177.135
174.181
187.6
165.15
190.645
178.154
157.234
192.703
158.318
156.641
177.987
191.916
186.694
174.055
186.503
172.318
152.612
167.817
175.984
152.564
173.042
135.449
166.337
168.812
190.311
147.222
178.948
176.294
198.442
166.193
174.764
165.742
168.38
187.095
183.018
180.605
179.769
187.929
161.617
196.269
169.321
180.525
174.692
194.462
168.364
189.305
181.794
175.476
178.584
175.713
183.3
186.241
183.455
191.653
176.115
158.615
176.749
165.749
164.096
156.67
182.106
186.526
180.199
178.225
172.101
192.885
178.882
184.953
146.69
186.773
167.809
176.618
173.56
156.566
167.951
181.257
181.731
172.213
148.668
174.489
151.032
192.741
165.505
188.34
177.546
149.44
185.745
189.604
178.736
179.334
193.78
164.991
192.201
176.216
166.04
185.017
166.896
171.291
159.671
168.593
178.933
190.568
164.619
179.459
175.928
164.68
184.298
169.746
183.906
195.068
145.959
180.994
174.035
202.451
181.889
178.628
170.966
167.176
165.856
174.937
181.116
164.51
181.135
161.078
187.905
184.004
190.486
185.638
181.798
162.626
173.327
171.01
166.861
173.819
186.283
168.564
201.945
157.75
195.543
189.416
194.694
155.858
180.723
186.177
164.462
182.058
155.336
178.219
171.002
154.062
186.072
204.611
181.884
162.633
172.356
161.474
196.707
175.323
187.457
164.65
181.341
158.637
169.531
195.02
181.501
176.781
163.247
165.853
166.009
210.854
176.335
187.565
148.653
166.286
174.681
194.218
165.829
176.585
176.25
191.667
161.435
136.843
189.202
182.275
170.048
188.302
180.039
171.518
188.836
180.253
178.85
175.146
178.877
190.402
190.486
174.605
133.969
172.031
183.468
189.66
175.837
195.259
178.242
170.475
179.986
153.655
192.859
184.363
193.151
186.917
159.427
153.714
152.663
157.021
173.483
176.875
184.809
159.473
180.893
152.348
184.53
182.024
199.506
174.738
166.52
153.527
188.738
168.622
216.4
192.528
172.084
193.463
197.355
174.181
191.959
167.541
176.059
171.684
191.223
166.915
174.195
183.826
181.552
169.47
173.733
166.02
168.794
196.528
193.519
182.937
166.225
152.169
181.669
155.354
175.497
172.519
186.594
179.367
178.354
193.952
184.319
165.751
195.899
172.226
189.734
165.161
174.748
166.878
163.188
156.468
246.43
173.703
170.374
177.904
193.573
114.322
163.228
185.446
214.88
183.116
173.752
179.881
185.476
180.355
146.831
192.612
151.619
165.974
170.66
161.239
168.368
192.605
165.055
196.208
171.373
179.384
192.404
177.524
165.092
167.879
149.233
191.054
178.087
177.773
168.963
164.439
171.078
187.824
177.406
143.595
151.707
194.645
161.384
183.001
179.936
162.637
171.797
170.235
193.008
186.771
176.287
161.214
168.191
150.777
173.032
163.994
182.484
188.872
190.028
169.211
197.726
178.322
182.021
183.011
192.786
180.367
171.271
166.244
195.479
191.058
184.084
166.664
175.635
153.674
173.296
161.211
168.389
164.443
199.024
152.442
171.525
157.539
174.288
154.872
170.742
188.33
161.157
182.917
148.343
146.631
173.77
172.632
186.981
175.14
159.966
199.526
162.205
177.493
186.556
185.9
158.909
177.34
175.864
216.755
192.207
165.331
176.138
185.388
184.767
170.25
150.347
191.577
172.202
219.668
164.88
166.787
194.594
174.617
158.114
166.735
187.394
175.087
175.035
200.642
186.324
155.521
186.329
179.712
178.34
212.194
184.814
176.943
169.622
177.56
158.897
162.712
177.387
181.646
172.373
166.985
201.705
170.164
185.552
181.055
183.421
169.791
154.139
161.138
168.61
175.46
166.195
178.325
174.753
167.635
173.504
184.504
163.247
181.053
196.825
179.218
165.282
173.58
171.365
162.478
167.227
202.935
148.997
198.415
192.027
221.897
192.944
190.853
156.095
177.315
182.317
158.858
164.844
171.267
181.194
203.825
169.876
172.543
171.136
187.742
177.891
183.009
154.472
170.949
187.215
193.41
185.507
180.274
188.601
171.975
168.915
157.488
183.221
152.795
184.713
191.861
179.121
188.059
179.674
188.173
194.578
161.549
173.28
186.046
162.253
191.058
169.434
189.732
191.993
158.898
151.648
209.987
165.524
168.3
167.351
184.62
213.319
160.022
156.468
181.31
189.382
156.269
171.061
170.171
200.512
195.81
172.122
174.661
165.382
192.964
152.465
185.676
185.649
186.478
181.094
180.96
175.063
197.195
168.093
197.753
178.156
174.155
184.725
183.349
174.296
193.113
180.957
166.57
186.614
184.175
188.832
186.019
197.558
153.576
183.344
193.954
152.709
196.908
193.631
194.897
195.73
187.322
198.264
161.683
181.155
178.937
171.289
186.601
189.632
182.371
179.462
155.903
183.737
161.645
169.939
179.829
185.793
157.004
175.242
149.031
139.97
177.134
169.554
150.743
165.756
202.545
164.936
200.693
173.076
177.707
206.136
172.858
187.298
164.869
186.8
182.226
162.242
205.095
189.967
178.426
181.371
164.408
172.391
172.248
152.421
184.861
159.648
164.182
170.871
147.297
175.176
172.248
147.104
177.891
175.783
159.756
129.793
175.574
166.764
198.446
169.214
144.577
162.799
188.003
183.027
183.744
182.945
153.958
174.942
175.957
168.961
186.401
163.51
189.61
188.031
178.727
191.065
169.697
170.146
169.3
179.49
168.16
172.912
161.477
179.217
187.142
174.818
188.954
156.579
178.776
199.56
180.39
208.513
186.856
188.363
176.376
200.767
175.685
173.094
168.371
193.084
171.981
162.997
182.431
170.304
184.314
193.929
190.141
184.532
154.366
172.34
177.751
170.865
182.456
180.932
185.162
169.339
157.71
186.623
185.5
203.137
153.017
167.564
194.61
157.609
187.557
184.077
186.199
198.246
208.984
159.286
180.2
158.161
162.707
156.468
192.517
166.884
160.21
146.075
189.124
179.784
188.376
179.526
183.699
186.613
168.344
151.177
161.765
165.105
164.279
170.971
146.095
155.765
175.306
170.348
176.029
152.394
189.614
173.067
163.59
157.875
167.026
186.801
174.675
161.274
168.779
180.047
185.395
166.918
192.925
157.837
184.733
203.929
153.662
170.378
174.209
152.412
176.363
177.194
204.321
184.17
178.449
170.425
185.563
186.566
173.195
188.093
148.851
194.4
182.977
190.848
177.442
179.957
169.688
183.55
165.676
155.408
166.149
172.773
189.813
182.298
190.547
177.875
194.404
191.251
184.874
188.732
195.916
186.412
152.813
160.231
147.019
204.231
201.551
171.922
169.097
189.729
191.263
160.717
171.074
174.284
180.996
177.64
192.89
179.764
158.469
160.067
179.24
182.308
172.566
179.469
192.262
154.377
183.401
183.557
159.188
154.436
156.181
137.746
175.134
168.041
187.942
175.322
174.875
165.521
193.876
160.928
159.683
165.273
184.754
166.422
194.589
189.404
169.927
181.2
178.91
180.074
198.364
186.4
164.533
177.258
179.811
174.239
181.989
162.272
172.723
172.053
187.223
158.19
165.141
191.306
180.226
200.043
168.011
164.328
153.575
176.223
166.128
192.011
172.615
159.338
176.113
172.489
173.014
184.465
181.68
201.23
194.495
161.121
164.637
147.421
145.109
157.085
191.444
168.53
166.905
199.917
187.725
157.494
177.877
188.683
171.306
177.558
157.635
170.807
162.792
156.929
172.104
173.067
182.855
181.298
164.818
172.629
176.456
137.366
179.097
167.853
195.249
156.752
157.68
168.45
179.629
189.517
165.247
166.523
196.47
192.517
186.873
175.529
149.135
186.468
188.862
171.007
168.167
191.986
170.013
177.43
162.088
174.015
169.657
163.019
168.426
186.072
205.437
156.543
175.346
187.211
139.752
169.138
188.623
154.479
174.579
133.015
190.397
170.091
183.442
152.97
184.648
189.222
175.054
150.449
181.208
169.16
195.758
178.723
171.549
190.226
157.124
174.723
189.417
179.862
177.118
173.09
148.257
174.04
195.875
213.904
210.671
147.791
171.4
161.306
161.464
161.444
157.074
165.819
173.271
183.314
178.882
163.499
183.179
172.883
171.352
172.247
166.339
175.261
180.204
148.018
179.011
170.951
182.777
167.254
181.433
173.724
186.63
159.783
170.138
159.939
201.086
149.211
187.677
180.995
175.047
185.432
174.165
171.094
173.69
171.762
174.653
175.226
172.048
202.026
179.091
181.462
174.485
177.582
170.732
155.964
163.871
169.049
190.744
189.617
177.541
183.283
184.96
191.319
169.74
174.566
168.656
159.748
186.614
165.348
176.854
155.968
162.273
177.868
165.079
180.618
183.461
168.705
164.782
104.137
175.858
160.955
195.5
169.256
181.096
170.182
184.689
187.794
176.925
178.903
169.199
184.89
204.71
180.04
197.542
180.744
176.023
207.505
161.801
141.094
180.683
173.365
174.618
187.146
198.055
182.152
186.186
175.049
186.086
198.003
172.469
185.708
189.666
167.385
174.739
198.216
145.57
184.364
172.421
171.914
175.582
163.88
166.185
180.539
177.631
154.128
187.748
185.24
170.59
185.878
161.98
175.644
184.45
209.168
177.548
177.848
164.72
168.536
177.175
168.494
155.896
176.296
136.221
157.225
177.36
190.16
194.812
202.102
177.752
169.672
163.328
179.756
187.622
176.517
181.126
166.314
210.117
143.719
158.25
170.358
193.063
175.243
171.845
165.013
184.308
171.175
175.702
168.255
166.014
176.675
181.148
169.651
172.294
179.624
157.127
157.786
169.999
175.736
193.471
178.406
196.553
178.05
179.584
181.851
187.902
174.467
159.915
188.777
136.872
164.775
192.013
180.196
185.624
179.952
150.803
182.388
157.239
166.152
170.337
148.0
170.481
177.791
175.698
177.081
184.841
175.001
174.61
167.507
182.626
172.034
193.201
186.51
191.566
163.316
184.863
162.014
186.694
150.996
182.598
184.618
175.786
177.32
178.736
143.351
183.75
152.884
151.839
181.546
185.364
135.474
175.843
169.025
171.561
172.645
180.474
184.067
154.629
179.186
154.785
200.045
171.845
168.617
166.073
172.895
182.995
177.028
193.215
157.491
176.905
192.721
192.142
179.002
180.635
160.702
164.627
200.785
163.277
183.165
172.608
194.825
179.675
159.739
163.163
176.361
154.703
146.142
182.608
151.68
164.703
176.344
206.613
178.89
154.955
161.831
182.893
156.467
185.375
179.371
164.951
167.557
169.629
200.377
157.805
172.147
172.654
168.268
174.706
151.832
175.072
176.653
178.513
143.766
187.61
176.219
185.039
174.533
169.624
168.375
193.669
185.228
173.319
169.063
193.464
175.68
174.426
189.962
196.929
170.408
181.87
169.53
193.53
154.738
195.348
172.431
177.056
157.684
176.131
192.16
200.127
174.983
168.51
185.663
171.408
189.717
179.43
190.018
170.233
175.582
154.319
195.118
182.7
170.479
167.358
171.744
157.536
168.756
182.95
197.672
176.024
177.857
181.305
163.976
165.96
192.136
184.91
174.146
174.834
194.818
173.362
178.76
166.417
183.263
204.41
170.192
178.446
134.773
177.36
172.403
184.873
172.457
150.397
169.199
167.572
189.715
179.345
164.127
194.137
186.977
178.957
151.81
176.721
150.175
191.888
161.653
179.212
175.286
152.873
184.787
170.9
160.161
177.182
177.969
173.589
186.068
145.443
172.7
159.217
185.648
149.92
196.334
195.368
177.449
188.52
168.322
176.88
172.427
164.897
149.351
164.272
179.348
166.626
172.234
199.727
179.749
179.727
202.863
154.847
180.463
187.049
184.056
179.645
172.414
176.848
195.474
169.177
160.693
175.868
188.952
180.533
181.432
158.402
173.823
189.382
178.945
181.314
152.407
173.795
187.644
163.727
182.71
153.708
164.453
172.58
155.384
191.418
177.859
169.686
179.715
168.173
180.497
165.233
192.226
176.031
177.357
179.378
167.951
178.122
183.822
193.399
159.903
161.615
166.279
181.228
189.409
189.19
167.285
179.478
154.52
186.127
197.804
158.795
163.613
169.594
183.527
171.576
184.588
168.643
164.0
182.44
190.079
176.885
180.017
209.761
189.095
177.344
167.253
162.434
158.394
178.451
189.495
179.251
195.138
168.657
172.124
205.332
175.356
180.888
192.189
176.615
150.287
180.803
191.348
184.472
182.666
176.076
166.487
184.345
172.863
171.795
186.214
158.428
201.417
188.393
192.022
185.891
157.884
200.415
163.467
153.264
210.217
183.696
191.945
177.57
169.688
155.216
168.184
189.165
171.167
181.862
168.269
161.471
149.686
170.15
190.543
160.611
179.179
174.794
159.91
189.195
156.952
153.128
184.717
169.637
171.511
183.813
173.419
155.259
173.966
194.791
172.358
198.259
190.828
173.588
153.243
192.306
170.346
157.014
193.236
182.788
184.203
166.455
170.084
184.25
204.259
188.417
175.518
188.416
185.467
185.247
181.809
181.315
144.997
193.34
144.055
177.556
155.796
199.59
182.33
176.167
204.814
160.938
183.839
169.192
190.76
162.439
176.223
188.366
132.662
154.393
171.5
162.773
179.052
180.99
177.27
161.766
160.314
154.897
143.657
180.658
174.076
185.103
176.437
161.299
169.814
173.035
210.297
165.834
186.24
187.982
170.142
187.639
150.367
187.765
158.186
172.292
173.92
167.869
188.304
196.417
158.017
188.525
192.949
182.616
168.308
164.631
166.356
156.76
175.153
208.224
182.78
140.115
165.999
167.528
183.313
182.958
184.128
172.0
169.257
199.527
163.742
153.56
159.651
167.351
159.312
157.158
180.165
187.447
178.286
169.875
172.804
158.675
165.076
177.375
157.146
172.987
198.282
183.922
186.975
193.629
184.397
173.94
183.039
192.441
186.81
186.093
200.441
178.915
171.654
178.799
181.815
171.42
166.795
175.204
178.036
139.889
157.377
160.816
194.673
159.842
183.684
179.389
171.786
166.346
180.041
171.086
182.992
171.53
188.138
170.264
171.643
169.835
175.659
196.334
197.312
164.333
162.72
184.67
165.55
180.921
153.16
185.241
177.626
161.014
193.692
178.141
146.737
178.112
166.687
185.649
165.491
188.049
167.402
168.486
160.034
166.64
176.593
183.034
174.643
186.484
165.073
187.01
175.023
175.188
181.772
195.006
181.493
169.372
171.518
174.403
186.481
161.543
167.774
181.124
169.074
200.222
178.331
154.263
164.969
171.318
161.558
170.381
174.121
181.387
182.871
173.097
171.873
209.636
188.813
166.214
198.954
204.546
190.657
179.341
180.371
186.487
183.413
185.95
161.731
181.051
197.69
190.004
170.866
185.193
189.174
174.971
187.993
177.538
151.748
175.495
163.866
179.129
168.278
192.919
189.555
172.181
191.863
176.598
166.714
158.73
182.466
160.459
174.605
196.912
166.274
172.822
176.66
164.784
166.84
193.614
162.039
180.668
183.797
169.437
162.54
178.685
177.793
165.719
184.289
192.517
181.545
178.874
170.598
188.501
164.801
173.795
157.091
163.912
200.626
180.52
181.603
173.614
201.263
177.159
188.036
170.078
182.095
181.152
193.105
149.901
176.99
165.28
172.312
173.332
193.861
180.81
177.337
181.25
185.733
183.568
180.025
179.711
175.56
193.349
150.026
173.624
178.298
153.788
190.085
191.805
189.605
168.751
174.431
185.042
171.303
159.023
178.539
174.557
179.458
176.147
179.783
201.524
183.493
161.813
184.32
160.823
161.464
203.169
177.646
177.671
158.4
183.061
185.864
167.875
170.298
181.041
182.355
184.208
189.232
166.491
160.482
167.144
174.846
172.786
185.613
200.429
172.691
162.889
177.523
182.72
203.488
187.253
184.35
196.313
186.86
186.821
182.349
188.279
186.346
161.123
148.45
165.103
170.135
170.908
159.315
198.694
169.069
177.466
172.299
190.414
167.477
202.044
163.311
145.22
188.72
178.768
197.607
163.285
178.886
187.612
168.636
178.229
176.233
179.076
177.279
186.394
169.104
200.827
179.239
159.336
185.672
165.279
162.159
177.368
156.075
182.702
169.481
183.974
161.894
161.684
200.795
158.785
157.074
155.962
167.292
178.754
182.175
208.437
166.336
185.516
194.18
183.384
170.976
170.34
177.613
171.785
166.846
184.682
155.698
172.479
188.655
147.634
167.143
190.876
209.724
192.686
169.454
89.4089
180.14
176.772
172.68
171.62
182.446
173.75
178.302
170.866
174.934
184.071
170.132
172.622
195.422
183.765
206.351
153.932
150.91
178.185
180.46
170.159
176.736
155.353
162.941
202.975
158.162
169.356
200.511
188.294
173.862
184.088
164.941
179.227
204.092
178.136
178.663
175.047
169.526
186.646
156.338
186.787
172.831
164.259
141.535
172.907
181.547
200.261
185.126
162.345
167.805
185.196
199.494
167.581
188.214
143.945
160.567
185.653
191.158
176.905
155.328
164.337
171.23
186.759
185.365
180.411
183.798
164.284
177.526
172.97
193.76
171.542
197.17
179.272
151.781
181.435
163.305
202.217
174.195
200.53
192.495
168.779
171.344
175.072
160.354
203.542
182.238
188.275
176.98
104.485
165.541
177.885
172.979
165.914
169.893
187.553
160.842
188.122
189.725
171.747
168.138
195.432
185.456
157.421
143.343
190.73
167.79
168.998
175.025
192.237
192.279
177.377
170.876
156.721
172.093
193.476
175.679
171.922
158.936
173.87
180.308
174.907
183.053
162.552
177.733
162.06
183.899
194.231
160.554
136.118
187.59
173.956
166.288
170.561
178.067
176.5
175.55
182.446
186.068
169.188
185.622
181.695
150.61
176.934
175.095
174.72
198.783
166.957
203.813
200.312
179.915
192.762
176.581
189.788
185.889
182.246
176.528
171.842
172.419
188.264
179.836
184.192
177.409
176.525
167.038
167.653
173.191
167.416
165.362
158.693
186.824
180.52
171.724
167.519
176.933
187.568
178.359
186.492
158.661
179.791
183.116
158.228
174.855
201.811
167.173
181.618
171.978
189.165
150.957
163.898
180.869
167.862
185.694
160.008
191.448
168.103
169.224
177.141
135.406
188.912
180.561
200.061
182.334
179.174
166.279
166.01
178.567
181.657
192.634
190.019
167.541
168.864
174.341
181.298
153.477
164.454
220.967
155.35
197.251
182.586
191.073
179.493
191.781
180.786
176.479
202.152
185.904
173.246
164.044
174.742
178.401
162.684
176.687
186.894
170.787
200.409
164.538
171.845
170.187
183.943
163.4
175.131
165.684
180.437
160.282
167.014
185.778
173.405
170.809
174.958
193.346
169.989
198.818
186.855
167.996
149.844
193.613
170.865
167.037
178.696
180.394
175.924
176.406
185.377
183.348
170.241
173.023
179.742
189.937
172.29
191.858
155.798
167.748
172.32
152.635
193.799
175.989
164.167
180.513
182.361
161.689
179.524
192.234
189.597
173.739
190.27
163.328
181.351
155.534
188.872
195.715
180.857
146.635
150.468
201.368
187.825
193.628
184.59
167.223
168.581
163.456
153.822
186.984
188.138
161.935
173.987
170.19
171.452
178.661
173.045
176.691
174.977
164.128
166.44
149.126
157.7
161.888
166.45
167.656
202.898
165.977
160.079
185.876
167.992
204.237
158.156
202.334
188.147
183.341
181.728
173.101
178.399
191.222
186.803
162.4
181.715
150.02
174.47
198.35
157.796
180.503
156.164
154.986
163.817
180.153
170.561
163.484
169.899
183.349
210.445
174.619
169.267
168.406
152.828
165.987
183.575
177.524
173.022
175.736
183.638
166.329
185.624
180.244
165.531
167.159
177.088
175.887
187.925
168.444
168.642
161.715
141.356
184.208
180.454
205.756
178.187
155.451
133.161
164.127
167.65
167.556
192.514
192.215
194.212
187.778
187.64
194.344
184.764
148.235
199.552
173.678
169.593
153.92
180.281
170.505
168.192
190.634
161.002
183.84
179.669
170.111
185.172
205.913
190.036
197.372
144.366
173.468
177.357
173.627
182.303
172.824
170.684
184.914
162.511
184.96
164.703
170.671
170.296
183.609
163.61
169.407
175.864
168.788
178.19
190.552
188.457
151.502
183.38
195.479
188.698
191.167
180.747
197.923
181.89
207.049
189.337
165.249
177.096
197.401
187.058
162.733
176.429
179.961
179.001
188.713
196.691
170.406
148.938
175.881
162.235
193.875
206.327
144.263
161.426
132.004
154.446
161.24
173.086
158.797
198.267
179.707
176.827
178.445
155.263
200.967
177.028
197.893
174.958
161.199
182.346
190.508
173.025
159.525
178.776
197.131
181.707
178.866
177.1
202.567
154.733
201.442
170.658
170.556
183.064
172.035
189.311
178.854
188.223
180.213
143.67
167.15
157.442
172.425
182.091
159.757
163.687
164.354
161.235
173.595
180.053
175.828
175.967
163.801
181.391
181.233
169.898
189.324
194.676
170.194
188.979
170.306
191.195
170.778
192.262
175.7
170.746
193.302
168.791
179.462
199.843
188.478
191.129
170.359
186.484
185.982
212.006
180.562
197.103
194.975
186.854
173.747
186.273
155.239
159.561
180.741
168.784
205.583
175.602
188.882
175.922
172.853
163.769
143.159
187.861
173.212
179.4
162.999
163.094
198.849
189.154
167.461
183.809
172.303
163.0
169.381
190.553
182.692
171.352
192.84
194.406
164.243
175.427
162.298
178.756
193.238
174.956
171.702
178.364
185.2
183.105
190.256
183.008
187.718
172.475
169.008
162.585
167.937
182.872
175.706
177.331
161.674
182.319
177.995
152.299
164.544
167.658
187.993
187.578
191.653
174.231
187.429
195.101
166.225
166.349
167.528
182.176
171.068
194.601
159.135
189.933
182.124
168.944
181.602
168.607
182.924
162.697
148.958
171.656
199.751
174.915
157.486
166.272
168.507
181.677
192.275
181.406
180.819
167.868
169.445
178.356
172.373
168.088
170.64
201.092
185.796
158.434
166.556
182.039
165.26
171.652
176.806
156.925
174.164
194.21
202.545
166.303
174.421
172.478
152.989
166.422
189.337
138.001
180.216
166.502
179.854
175.625
206.545
169.123
178.747
198.532
181.401
164.109
167.181
175.458
190.397
165.017
183.13
166.845
169.926
172.234
148.125
185.825
181.5
167.449
202.429
192.712
150.161
187.66
160.507
180.244
183.037
152.776
167.655
171.096
154.312
179.485
185.59
194.7
178.428
168.528
133.206
169.851
187.733
175.247
175.896
189.844
171.655
190.628
179.066
180.481
200.023
218.58
176.705
150.756
191.619
191.381
166.642
173.807
183.362
177.489
187.57
177.913
157.64
186.985
186.738
227.754
175.034
162.459
186.793
192.753
174.199
161.116
182.73
183.658
159.11
173.757
160.279
159.578
196.084
167.46
177.713
166.562
193.612
182.585
192.787
163.212
151.703
169.201
178.08
182.133
190.731
153.056
180.767
149.504
169.728
170.392
174.359
175.106
186.42
181.908
175.279
185.855
187.523
177.66
170.032
183.018
188.347
175.653
158.97
163.226
175.781
127.898
179.175
194.44
189.134
167.796
148.09
173.093
216.135
164.497
175.889
226.072
181.109
170.453
151.515
155.373
185.956
172.057
159.154
191.597
174.31
170.139
192.335
175.635
167.977
192.482
194.938
191.147
176.633
175.064
170.69
160.376
155.625
180.119
163.036
135.675
159.145
164.407
170.853
180.409
156.602
183.302
171.091
158.018
163.953
205.42
182.079
164.287
175.607
181.039
175.882
186.091
188.493
179.98
171.039
186.319
166.345
172.731
196.678
163.336
176.529
187.47
158.938
180.248
178.796
181.201
175.012
167.643
191.709
199.659
156.819
176.64
170.331
170.421
160.221
163.762
185.703
194.987
179.582
191.645
187.149
173.453
188.941
199.877
195.589
185.801
182.715
160.568
193.93
180.451
170.75
193.52
165.0
181.628
173.75
159.798
169.543
208.256
164.68
165.235
175.559
182.84
161.549
180.335
196.367
144.973
193.786
160.225
167.53
162.474
186.796
171.399
192.678
182.719
164.137
201.641
154.105
196.066
186.169
176.394
176.791
180.895
174.738
150.21
193.231
183.027
190.352
175.059
185.434
178.948
186.227
185.194
183.372
175.144
180.525
182.943
199.48
168.402
164.39
173.413
163.498
164.404
173.218
188.596
199.342
200.786
184.683
192.465
199.477
166.102
178.146
199.144
172.241
180.627
160.569
151.217
173.061
181.208
191.033
170.885
174.239
161.155
156.201
197.824
163.11
179.199
174.409
195.1
198.747
184.586
155.996
183.954
183.654
153.759
178.089
190.675
174.899
169.209
160.847
155.895
130.096
172.954
147.778
194.13
169.601
178.772
176.545
157.692
184.786
161.815
186.151
201.997
205.963
187.498
171.194
159.057
151.133
166.946
181.393
176.587
160.539
181.452
178.226
177.532
177.207
173.488
184.62
176.7
169.655
136.586
169.667
193.717
208.715
175.228
150.671
163.201
180.852
168.784
203.424
180.52
155.893
172.138
185.916
181.796
180.857
179.469
190.213
187.639
153.428
158.422
176.363
167.468
177.331
174.963
199.36
183.077
177.842
162.635
182.202
149.819
191.223
163.711
165.276
197.641
156.817
171.437
141.895
182.822
153.341
153.638
199.744
146.68
195.851
169.956
185.121
185.421
210.754
186.208
156.242
192.596
172.157
192.857
191.28
178.822
161.031
191.935
192.479
187.849
192.658
167.041
179.926
207.599
182.417
187.593
197.859
176.202
144.972
163.384
172.709
167.677
179.68
168.793
171.027
163.311
196.32
154.289
161.664
177.724
160.524
166.798
163.872
162.468
185.42
172.592
147.466
157.552
164.77
141.439
182.922
181.775
202.978
160.486
170.571
180.228
165.161
158.842
175.674
185.278
191.983
166.344
163.472
180.942
159.054
202.295
192.398
154.384
172.204
176.773
208.826
155.225
174.252
186.861
173.555
177.933
160.026
178.895
169.923
161.57
194.092
169.635
212.166
178.245
172.653
153.468
174.082
177.773
170.332
160.116
162.255
156.103
188.975
147.726
165.642
163.581
177.018
194.279
164.689
208.688
159.888
197.055
181.96
145.028
170.679
209.075
175.528
173.948
182.045
176.451
178.943
145.333
176.294
185.122
147.09
203.813
169.299
180.044
189.419
165.059
183.733
177.329
165.394
197.543
185.04
165.633
164.935
167.471
166.513
177.583
185.488
140.819
146.518
158.278
163.048
187.96
186.852
181.296
172.103
165.368
154.378
172.79
152.591
186.895
159.622
196.411
173.738
164.375
185.374
188.818
168.421
190.159
173.221
167.629
191.746
182.083
185.034
167.424
170.589
181.057
166.135
163.592
166.439
175.132
165.735
172.416
160.011
173.312
172.101
189.366
175.091
190.242
164.797
160.385
153.614
199.042
145.191
167.848
180.923
173.579
180.304
175.918
170.286
175.422
181.109
191.583
172.745
169.874
161.239
178.95
187.036
186.273
156.135
169.353
157.591
180.993
200.982
160.665
164.638
176.355
199.532
200.07
170.634
185.964
170.175
183.736
169.07
188.72
150.603
167.927
181.431
166.686
176.08
172.641
176.29
178.868
198.744
165.935
170.129
176.065
206.348
193.569
171.048
170.942
180.698
171.511
182.283
170.574
160.548
164.84
168.388
189.546
170.609
164.048
165.452
141.418
172.795
186.452
174.185
163.466
177.003
190.028
174.937
175.729
158.169
187.165
196.723
189.014
176.394
200.333
199.73
173.376
197.274
169.751
173.966
184.879
179.213
175.832
150.479
186.769
173.557
155.855
180.334
162.109
173.602
187.206
190.044
178.732
190.185
181.102
215.342
192.415
170.354
181.017
174.681
172.923
162.506
172.253
195.043
175.394
160.687
157.829
192.686
197.449
187.053
177.934
170.899
170.77
191.686
156.777
178.926
166.036
114.436
179.816
191.137
176.919
171.13
144.846
156.403
174.124
174.768
149.806
187.48
185.431
171.622
180.922
176.495
170.033
177.497
171.02
161.466
169.337
203.574
185.108
163.001
178.009
184.425
179.776
184.807
167.17
189.754
161.2
168.707
215.353
164.042
143.806
162.888
173.17
177.774
158.598
164.479
173.935
176.309
182.015
191.135
166.741
182.195
180.976
149.738
180.12
166.834
188.354
195.86
155.23
177.32
182.892
151.65
165.112
161.008
163.535
163.726
187.022
187.044
167.28
161.051
192.625
174.529
170.185
162.587
185.117
202.875
178.013
199.872
177.914
157.419
167.999
165.983
182.365
202.453
186.901
183.465
191.798
170.194
191.939
181.565
182.011
188.0
164.652
178.604
183.523
180.536
190.104
194.043
178.384
175.558
180.628
177.374
162.929
166.972
181.546
180.736
180.806
201.202
196.946
173.407
186.201
182.59
164.96
166.665
177.558
182.327
189.395
162.145
174.969
163.595
157.996
173.21
174.276
150.348
184.228
167.53
189.708
163.914
186.786
163.816
170.102
183.871
167.489
196.926
212.68
128.848
218.944
149.049
160.421
196.353
185.528
184.564
168.375
160.129
171.341
180.767
170.469
178.7
177.924
177.369
168.388
167.255
168.839
154.358
184.86
180.856
167.937
157.684
194.259
157.184
185.408
176.184
174.852
205.176
187.6
168.734
160.785
180.75
193.546
162.903
153.489
177.368
177.134
175.07
161.621
160.179
173.486
168.479
168.505
181.238
184.086
148.327
169.431
177.542
168.178
196.18
170.924
187.611
161.205
186.676
179.73
180.272
175.405
163.733
179.962
165.823
186.731
166.17
183.999
189.577
135.777
175.252
162.993
171.491
164.861
178.088
177.4
185.736
162.517
188.942
174.614
179.136
195.104
158.914
160.829
165.052
220.351
213.382
190.818
168.086
189.881
165.278
183.869
188.268
179.996
180.116
174.428
191.849
157.106
176.145
181.328
202.909
156.768
157.675
181.234
191.099
164.388
183.797
172.545
196.154
194.686
184.699
147.58
165.609
170.806
173.866
168.404
185.473
175.708
179.868
203.387
191.588
182.45
195.368
176.544
168.366
158.09
186.3
204.429
159.57
195.681
161.224
178.439
180.481
162.193
150.731
176.947
171.006
189.564
192.11
191.415
178.146
180.362
148.237
179.87
173.531
195.425
184.564
172.939
174.561
185.863
184.824
171.177
184.21
171.18
165.931
172.724
183.349
177.346
189.522
154.691
173.006
168.7
199.494
183.232
180.171
184.714
148.769
188.506
163.12
197.432
175.058
185.019
185.4
177.475
180.655
188.614
171.613
185.538
138.604
192.14
184.726
174.922
163.019
174.375
158.996
171.617
185.151
166.875
167.336
194.608
186.736
197.173
156.06
190.222
186.766
184.203
205.496
191.797
170.259
182.868
145.994
153.69
184.106
193.927
186.228
176.377
196.994
161.899
151.934
165.063
162.074
174.316
202.19
157.868
158.883
152.28
179.411
175.746
197.467
161.075
169.176
187.957
149.862
167.633
195.658
167.656
166.289
165.778
156.307
168.81
162.998
174.302
199.146
164.533
182.284
168.207
161.757
168.77
177.177
131.541
157.709
180.936
179.522
163.796
180.86
175.112
176.165
190.249
182.391
167.414
168.15
194.228
167.396
169.931
156.059
191.819
170.393
186.825
208.197
161.608
201.388
180.862
168.827
160.517
157.925
178.218
158.586
167.522
201.448
191.16
176.313
179.495
180.941
198.058
188.587
166.219
174.934
168.843
162.752
172.539
169.851
183.755
207.81
176.413
173.628
188.264
194.84
171.343
179.079
190.75
173.562
180.409
183.304
171.855
154.439
166.602
178.2
162.264
182.571
178.179
169.194
171.434
145.597
184.54
170.111
163.312
175.331
174.465
170.527
177.421
191.961
183.391
164.048
166.969
186.026
165.128
202.105
164.072
169.804
167.863
189.119
171.051
168.256
166.642
174.183
186.333
184.17
182.79
183.102
181.322
202.494
176.901
180.93
172.417
183.048
178.197
193.426
165.112
167.827
184.068
178.833
186.727
176.249
173.1
198.075
173.339
194.026
195.198
177.962
179.026
195.837
187.876
189.165
153.942
195.453
182.49
170.464
172.149
182.988
154.335
179.48
176.452
172.816
180.744
202.259
154.392
167.151
181.812
176.494
165.814
196.102
175.392
174.486
163.481
166.913
181.349
161.436
177.324
168.131
178.514
174.521
167.066
178.427
172.211
175.042
159.103
190.67
165.641
216.023
190.475
149.598
201.822
189.218
177.866
174.204
194.797
209.164
183.972
189.619
182.376
187.576
148.374
195.012
197.306
189.916
182.929
180.21
182.664
187.56
166.056
174.48
176.709
164.181
177.082
187.575
165.776
176.574
187.928
186.633
175.899
188.977
188.077
179.595
163.025
163.253
169.456
175.417
183.026
200.637
168.149
176.062
196.21
206.073
193.617
184.66
151.996
168.514
164.599
186.186
172.324
171.247
186.29
174.554
180.514
167.829
182.83
184.743
188.814
182.295
216.913
182.473
169.311
166.212
205.509
173.281
148.108
188.036
182.143
157.024
180.637
196.857
194.98
171.507
171.489
151.138
171.98
190.848
150.471
186.673
188.099
164.079
176.864
178.497
193.744
194.881
178.404
195.433
172.278
171.373
157.066
158.265
174.001
207.165
158.298
161.647
186.604
166.361
185.284
195.052
188.308
197.04
198.822
206.939
183.701
191.89
160.002
185.374
156.615
163.78
148.945
182.032
177.7
163.928
168.836
161.6
173.434
159.278
168.883
168.725
149.579
170.338
179.72
159.335
168.171
169.611
171.713
189.597
200.067
186.562
187.475
161.654
193.381
176.659
168.744
172.137
178.469
195.572
161.352
170.736
183.488
173.904
187.55
194.127
170.731
182.334
183.936
164.346
171.413
157.47
173.704
191.073
171.017
187.231
165.792
157.172
185.878
158.226
160.062
174.604
191.915
183.89
174.494
180.9
162.995
176.549
187.114
193.608
151.905
149.075
180.97
183.285
183.384
188.406
181.697
183.161
162.122
156.948
193.846
139.921
185.723
199.099
171.06
186.873
178.797
168.779
178.462
195.697
155.553
190.253
170.277
197.415
169.072
177.807
169.228
183.536
175.488
187.683
185.887
167.635
184.141
172.482
210.266
164.409
173.643
183.257
177.37
181.621
179.277
168.662
163.702
184.641
184.969
172.352
160.58
172.639
176.36
209.14
185.191
165.869
176.177
158.144
144.473
184.855
173.227
168.472
165.957
143.762
179.313
185.376
171.695
183.923
177.983
151.544
194.502
173.828
166.929
135.789
187.543
185.749
191.34
167.22
176.628
163.836
176.302
164.644
173.208
154.708
176.259
185.071
180.435
154.232
175.663
163.897
206.723
179.204
194.845
165.597
189.948
166.896
156.901
179.695
173.486
187.441
156.708
187.27
174.561
191.675
177.987
171.964
189.713
161.415
183.566
182.003
166.081
169.817
168.799
165.707
204.729
183.629
172.379
173.818
152.85
163.363
191.479
166.642
187.304
190.086
170.52
177.36
199.862
167.493
190.219
155.109
173.493
188.88
156.391
179.385
172.852
154.929
172.734
190.854
187.861
177.27
173.152
148.812
216.339
182.766
185.216
205.013
180.773
167.936
171.507
168.872
158.952
184.019
185.368
182.48
165.256
178.784
177.084
159.219
178.252
180.661
161.304
199.914
177.665
167.58
175.997
159.784
193.102
201.009
184.832
178.562
159.605
191.549
172.85
192.72
169.218
188.302
190.449
143.589
179.283
176.946
189.193
190.836
192.525
148.089
171.963
164.457
188.769
162.058
168.444
167.31
183.944
178.383
186.862
170.664
178.087
164.704
170.484
167.108
182.905
173.834
168.293
177.201
166.834
183.689
179.506
169.59
124.644
178.381
180.376
174.671
164.249
184.05
191.771
174.513
167.472
182.402
172.012
171.849
158.409
168.659
178.643
182.113
194.052
170.801
170.748
175.305
210.633
176.296
189.925
175.02
175.034
199.847
190.83
179.103
188.154
178.889
158.382
175.612
164.343
201.632
182.109
205.511
144.788
170.384
183.995
182.208
164.921
164.885
172.981
168.895
205.045
162.526
189.169
178.564
175.52
163.287
167.257
177.504
177.842
173.593
175.745
190.386
181.296
168.81
170.076
171.372
163.856
160.071
178.971
154.901
188.215
170.399
163.958
195.585
200.923
194.059
175.162
198.234
170.917
170.727
174.603
167.816
177.916
153.76
172.436
199.777
197.858
160.646
186.082
181.826
166.936
180.274
171.111
171.064
153.788
173.633
154.599
152.861
188.325
160.32
170.116
202.122
176.191
162.362
186.549
190.082
150.866
171.763
151.683
170.299
151.405
184.909
185.349
205.368
170.225
164.15
193.139
162.894
155.821
189.049
174.549
172.562
169.572
197.991
187.828
171.187
184.404
179.363
149.728
181.582
167.424
169.184
167.65
202.132
191.076
173.069
170.021
171.558
161.742
152.309
169.624
179.798
182.506
215.389
203.433
163.617
197.179
171.008
182.943
168.259
169.623
212.183
173.041
161.719
175.023
181.579
152.551
147.298
173.283
164.968
185.725
155.442
179.484
166.797
184.98
169.691
187.901
174.818
180.666
186.062
152.452
177.71
169.713
183.238
175.547
181.312
194.833
170.393
179.307
159.158
173.183
166.003
187.685
175.71
187.99
184.561
201.7
156.5
180.124
170.095
179.929
172.272
167.608
162.272
181.086
176.668
181.219
159.617
172.231
189.421
183.357
169.728
152.967
169.828
184.579
163.51
186.707
178.443
185.29
181.762
171.611
183.47
181.891
160.238
159.714
169.212
168.06
151.106
160.794
169.651
173.996
172.711
145.877
176.154
173.556
181.363
191.328
185.72
153.78
183.288
177.022
174.658
189.362
169.523
180.45
178.354
170.324
177.492
191.088
197.707
158.127
174.372
183.754
159.683
155.156
152.74
180.933
183.868
168.822
172.424
178.781
167.035
174.993
174.681
187.378
175.503
153.856
160.3
190.716
154.468
169.681
193.238
179.969
177.62
185.67
179.979
176.501
196.51
197.867
164.736
196.087
188.279
164.166
180.398
186.069
163.747
197.41
147.821
193.08
184.931
173.427
173.059
165.603
187.681
194.914
179.205
173.203
163.104
190.663
164.303
174.725
183.195
138.799
175.744
184.863
165.372
155.092
210.638
202.029
143.23
181.733
168.492
148.806
182.409
164.839
150.873
174.591
166.364
179.266
191.117
178.375
164.176
184.169
183.713
165.519
183.449
177.05
176.39
191.791
202.172
213.794
157.412
198.427
164.287
172.63
173.944
164.94
168.867
172.252
174.674
158.348
184.979
162.275
179.632
172.359
182.36
182.67
184.398
173.442
158.911
174.233
182.412
183.752
170.193
178.452
190.67
198.42
179.342
169.063
178.061
167.129
187.498
195.74
183.923
154.485
188.344
166.351
149.07
193.197
179.975
177.109
170.747
170.274
181.485
191.164
170.875
165.832
201.877
175.188
189.514
196.813
168.435
174.246
171.602
149.864
171.673
170.986
169.409
164.615
169.6
175.58
183.361
164.047
177.878
165.768
187.604
152.697
193.792
185.987
169.714
185.327
167.979
182.754
163.551
168.922
166.119
166.25
158.744
177.37
162.74
181.87
195.513
170.714
171.434
174.909
185.102
156.91
171.205
162.554
152.067
183.476
182.812
171.875
167.219
206.994
185.241
183.898
187.942
179.409
175.641
173.956
177.414
169.247
156.738
155.652
194.781
192.48
164.578
181.966
193.45
203.997
193.965
192.467
196.132
182.563
183.017
197.622
163.852
155.514
201.262
176.007
192.268
153.062
170.723
184.918
140.573
208.835
181.184
172.895
194.008
164.414
167.471
190.133
191.5
172.361
189.985
185.188
171.556
187.715
170.092
185.036
173.534
186.177
153.31
176.358
192.53
193.584
183.133
208.695
177.618
176.031
185.042
164.637
199.73
169.709
182.296
164.354
178.136
185.199
173.8
186.012
160.198
208.313
182.768
196.774
166.674
191.21
187.738
185.23
139.801
176.875
192.176
166.854
183.603
170.595
195.953
173.518
164.492
158.974
156.014
178.593
174.313
167.053
183.218
168.523
169.761
199.539
170.443
187.304
181.47
196.888
193.639
172.601
166.347
189.879
174.871
188.767
171.062
171.782
156.223
199.18
192.605
168.153
188.789
198.964
191.35
173.317
190.344
183.359
197.647
189.876
167.103
175.733
174.318
185.87
185.871
169.177
188.228
176.306
168.679
151.009
180.252
181.322
177.681
175.257
180.799
179.193
177.095
172.562
206.636
161.703
111.047
196.532
179.274
181.442
162.918
179.764
173.439
175.97
162.2
176.514
162.054
164.663
167.399
181.663
186.891
169.839
187.58
217.465
176.809
187.688
179.563
162.403
179.646
180.361
175.68
187.611
172.658
165.464
183.331
168.252
155.035
164.051
167.131
169.374
175.202
175.766
222.771
166.186
178.28
176.39
140.571
179.043
190.419
157.15
181.933
171.426
187.394
149.691
177.436
198.58
181.973
168.545
198.88
170.298
195.925
188.368
173.219
186.379
165.948
171.037
158.561
153.854
188.68
178.296
182.454
153.079
175.14
165.845
173.969
188.034
180.1
170.187
161.514
166.885
174.614
167.907
180.676
191.962
182.623
195.441
186.41
175.445
169.072
176.675
176.729
180.008
166.029
168.908
195.497
163.966
182.009
193.925
162.907
187.953
154.991
169.834
193.741
163.065
170.444
202.105
181.087
163.158
181.288
178.582
149.696
151.088
195.206
171.606
173.884
164.459
176.87
195.463
202.479
198.816
148.961
143.264
167.027
157.24
195.152
192.018
196.748
150.217
162.237
180.393
159.516
176.764
181.826
167.117
162.614
182.167
158.2
169.918
171.883
196.277
173.488
162.949
200.438
186.556
177.913
144.587
173.688
166.204
176.093
159.062
181.056
169.908
192.279
189.385
182.222
180.841
196.098
193.598
180.183
194.126
168.718
176.354
182.574
186.962
149.224
192.509
170.515
176.428
176.817
182.943
187.164
178.531
181.474
209.822
179.686
191.32
179.082
157.784
183.011
174.621
182.231
158.706
166.788
174.189
159.244
174.703
177.506
180.327
171.698
183.529
185.569
157.81
173.478
185.619
171.477
174.754
173.763
157.511
155.149
188.009
142.089
168.979
181.059
154.908
193.659
194.625
184.96
153.704
161.088
144.781
176.299
165.902
187.236
189.567
148.66
176.805
192.146
164.275
136.346
176.506
152.526
170.868
150.955
195.81
153.642
163.234
183.874
171.782
172.323
171.662
175.937
187.072
180.493
174.471
178.227
180.035
179.931
188.512
193.921
160.927
170.858
147.343
179.299
180.787
189.377
186.858
168.973
189.008
176.332
166.136
160.862
184.838
210.176
173.129
160.868
195.548
197.765
179.371
153.108
164.11
171.599
195.948
164.783
168.574
194.072
175.065
167.697
159.884
178.01
188.199
184.96
163.363
179.8
201.741
154.713
173.353
155.014
153.049
183.483
184.41
174.578
180.026
187.35
182.722
199.899
166.35
183.042
182.887
201.204
169.86
172.165
175.432
176.236
184.764
183.92
178.366
171.402
189.564
167.04
162.11
165.03
172.488
194.394
136.126
214.116
174.797
168.76
163.329
175.007
163.249
175.07
185.277
168.77
179.263
177.085
168.247
172.886
180.221
172.982
174.626
181.692
163.3
133.755
184.397
199.255
195.734
177.649
160.338
179.472
188.097
196.778
182.702
196.051
173.878
188.228
202.763
163.879
184.89
168.434
158.216
200.885
163.282
173.262
170.152
174.057
173.748
176.75
187.352
194.471
143.28
167.209
162.861
172.099
192.875
196.89
177.018
183.346
175.373
179.673
183.914
179.209
171.384
188.127
147.667
174.65
179.76
183.017
166.807
179.417
173.108
191.845
181.427
195.632
203.003
177.446
178.511
173.67
175.993
173.064
173.243
187.611
146.041
175.68
194.307
188.724
171.43
180.696
160.251
173.996
166.653
177.775
155.655
205.767
173.228
198.129
184.092
173.262
171.692
205.649
169.459
175.51
167.866
171.873
167.794
135.127
189.154
172.66
174.517
175.339
145.803
182.325
170.27
192.325
155.598
167.091
173.248
187.026
193.498
167.561
178.902
209.442
164.829
174.159
176.9
153.959
175.11
181.707
177.58
166.98
172.271
178.689
178.03
170.889
180.165
183.482
177.934
176.921
198.069
174.871
202.027
168.189
170.319
173.15
188.941
161.805
161.034
165.454
165.733
174.012
184.737
174.511
186.131
208.043
168.388
168.881
176.196
186.62
180.971
186.038
177.045
172.789
157.553
173.526
173.598
183.414
168.98
196.916
178.892
170.883
161.902
150.174
150.268
168.688
149.945
160.069
170.712
154.726
202.008
171.157
172.616
177.262
157.244
177.516
182.845
200.235
153.401
189.851
146.652
145.605
180.561
179.647
177.449
164.563
179.198
164.806
198.639
183.752
178.244
151.088
165.334
179.101
186.199
183.388
154.933
169.516
169.154
146.321
171.143
178.268
173.248
181.509
157.915
175.567
167.497
192.492
196.557
204.567
195.395
174.899
170.512
172.928
172.518
156.518
157.004
189.554
171.584
181.441
174.919
162.427
184.307
162.602
163.776
176.543
173.156
199.563
169.202
195.667
168.967
138.621
181.903
170.582
171.649
154.763
172.27
155.43
177.346
167.064
155.835
162.089
167.947
173.6
173.737
194.279
171.739
162.397
158.774
183.715
174.555
151.978
172.409
183.186
184.101
184.356
158.263
143.232
166.467
181.447
156.005
155.909
157.108
193.132
182.148
182.89
185.703
180.225
184.56
189.818
133.834
176.752
166.173
151.207
200.511
171.675
167.657
164.385
186.58
175.926
160.836
169.393
172.244
175.275
188.039
177.933
160.355
173.585
196.323
199.496
190.186
176.865
160.133
169.146
180.986
158.586
172.288
191.836
164.131
190.706
177.546
159.028
165.439
170.13
168.972
178.742
163.243
170.695
168.541
170.058
185.047
182.475
171.772
176.158
197.189
168.22
185.016
184.816
187.08
200.785
160.946
162.724
175.241
189.885
172.73
167.973
183.895
195.721
180.864
174.964
173.791
189.419
184.932
199.845
171.429
155.771
178.201
165.775
174.122
175.254
168.474
168.746
174.172
176.805
159.734
161.39
163.891
213.867
175.236
172.658
188.593
178.044
161.488
202.344
168.472
162.037
179.781
182.044
199.178
158.609
174.658
180.343
194.556
199.517
175.209
184.334
181.572
164.262
190.106
181.166
178.655
184.12
186.161
184.317
168.906
172.407
172.223
167.409
183.833
198.035
173.893
166.697
193.205
165.149
210.234
178.336
177.943
192.579
198.702
192.695
194.901
155.944
185.979
172.371
158.566
171.037
149.435
175.395
173.528
178.587
151.779
157.197
176.77
198.02
189.152
177.875
173.827
161.032
146.878
156.631
168.025
201.971
182.848
162.267
169.763
160.307
173.4
180.268
155.61
174.293
193.161
186.579
177.956
165.628
185.394
182.355
189.438
172.48
173.606
202.859
189.025
181.21
158.984
181.021
176.853
180.872
204.514
182.667
197.177
188.602
180.462
180.212
179.637
170.025
190.454
174.529
178.735
185.925
187.758
163.699
207.329
174.855
189.456
193.674
195.443
173.444
197.025
166.369
176.195
165.371
157.65
157.659
160.982
186.439
174.583
173.915
184.666
169.988
161.803
185.554
161.195
188.925
191.407
175.268
168.639
168.17
177.195
157.523
178.437
178.701
177.534
173.241
169.671
182.578
160.83
170.436
175.903
152.725
164.579
185.467
156.413
179.708
193.283
198.043
187.476
184.598
174.312
195.658
189.972
207.728
195.745
215.836
181.118
166.491
170.386
183.272
180.728
209.809
159.884
173.222
178.665
177.518
168.597
173.691
168.385
189.031
167.444
159.861
183.028
183.949
159.762
174.468
157.918
175.806
173.313
159.593
187.026
157.342
173.423
181.117
165.521
199.173
159.493
182.713
196.557
183.139
188.626
165.298
171.559
173.159
186.88
167.065
190.299
178.906
218.372
187.322
172.02
176.972
174.473
171.299
161.328
168.946
180.704
171.298
180.293
168.629
181.274
173.994
167.507
186.258
180.325
167.034
188.356
170.434
176.46
183.685
180.001
173.457
205.789
185.825
160.198
192.411
191.036
175.247
193.015
152.152
178.519
171.81
187.7
160.909
132.227
171.281
168.881
179.405
162.233
161.767
162.774
164.883
170.319
175.767
175.233
167.953
197.925
180.55
174.264
152.601
173.817
174.084
180.182
186.726
185.572
180.454
176.029
188.792
155.77
192.41
163.356
184.302
174.783
176.296
182.124
186.008
155.269
183.644
164.854
180.443
152.948
168.401
170.575
173.108
188.047
172.436
193.619
180.355
151.648
207.98
193.367
185.154
167.478
176.576
175.544
188.754
184.848
174.34
170.849
163.533
187.109
198.029
149.475
171.376
198.821
178.965
186.498
172.197
167.204
181.24
165.584
148.007
185.338
172.221
171.118
173.962
168.713
192.436
186.258
176.593
163.588
128.648
192.278
184.073
187.275
184.843
188.595
174.894
187.607
186.038
173.701
180.601
185.32
175.617
178.457
195.376
187.871
177.827
191.564
186.004
192.807
167.36
149.501
186.276
166.682
166.759
164.508
153.959
186.309
187.633
156.114
178.638
170.562
159.553
191.034
168.325
189.109
180.804
183.442
167.359
161.501
187.238
174.068
175.947
180.902
180.918
192.801
135.327
174.716
187.569
169.761
186.351
159.793
174.845
188.637
178.83
175.383
168.614
169.026
171.72
172.836
176.636
189.098
192.026
177.649
190.415
158.93
193.934
208.943
174.602
210.057
182.903
210.481
188.924
187.858
196.749
188.636
195.493
170.606
185.922
178.231
183.278
162.039
192.769
180.076
169.966
166.07
172.979
186.285
172.014
169.968
192.949
184.354
158.171
144.047
165.335
199.254
178.786
175.891
182.835
174.142
197.042
144.621
195.795
174.886
181.586
176.393
164.005
194.422
162.194
188.754
168.33
199.075
194.658
203.155
180.521
176.888
181.068
168.853
168.874
179.661
168.152
188.788
181.283
177.917
155.951
178.522
176.08
185.638
184.492
190.523
169.48
186.604
149.168
179.459
180.954
151.764
166.079
180.522
172.449
195.148
164.194
204.991
159.149
167.378
192.882
177.437
182.054
195.305
171.161
190.176
168.41
178.372
167.662
179.878
146.794
176.487
189.591
166.301
180.017
193.472
218.975
162.752
162.802
186.536
188.176
183.272
167.452
184.867
179.291
201.716
169.651
149.901
179.678
175.114
195.234
177.827
186.304
159.23
196.653
186.479
193.364
184.609
199.861
173.841
216.37
156.382
180.808
186.521
166.767
181.991
162.649
156.512
164.078
176.241
176.431
192.394
172.878
190.167
183.252
171.495
161.127
178.793
173.078
188.46
156.52
174.44
179.625
169.917
184.992
197.892
179.889
173.257
175.424
175.364
197.122
165.665
182.014
159.161
166.177
166.284
183.595
183.366
184.089
177.207
161.254
186.697
198.715
189.706
165.326
160.275
172.117
168.278
177.006
177.803
203.13
161.686
180.939
155.648
192.352
185.46
157.813
174.459
170.702
195.231
165.11
193.967
162.742
168.638
174.025
196.336
160.889
168.817
161.921
182.261
193.33
173.812
169.823
178.228
183.091
173.459
190.599
143.352
178.821
180.22
185.861
177.603
192.765
171.03
167.388
150.652
166.73
189.327
173.158
180.523
169.137
175.842
187.446
164.593
186.668
155.25
165.497
156.632
182.155
191.491
175.793
176.773
176.769
171.958
181.914
183.266
191.331
169.69
188.646
161.93
173.084
168.716
165.265
197.983
177.164
169.488
171.975
171.236
170.493
202.349
180.183
203.713
188.543
174.751
173.412
186.106
189.173
158.151
193.766
154.204
185.91
176.647
177.011
191.903
186.158
182.681
171.821
168.131
188.856
156.698
151.179
185.577
182.222
182.595
171.561
163.061
170.01
184.218
159.507
192.287
186.053
182.097
183.641
174.235
191.623
160.759
149.892
168.355
186.088
198.026
166.14
207.758
170.333
196.991
194.293
180.866
200.531
165.768
188.354
182.739
170.148
158.382
155.991
160.929
184.957
165.304
160.859
193.708
173.647
166.724
173.226
176.322
193.116
181.092
151.157
183.601
181.868
195.531
196.145
193.22
170.859
167.394
158.373
212.149
199.591
170.214
190.686
190.205
151.983
192.486
160.171
180.757
178.104
187.401
187.105
177.664
176.366
164.724
185.811
190.691
160.867
168.466
172.757
176.524
161.33
203.25
173.132
196.921
179.22
189.499
172.162
167.876
157.626
187.666
176.611
177.673
180.564
170.348
173.899
145.747
169.295
174.901
194.656
170.547
153.056
177.828
174.82
176.721
182.909
170.932
160.92
172.779
175.202
198.283
181.729
115.145
200.221
159.771
154.197
174.756
181.85
182.138
182.728
155.344
188.023
185.009
182.972
174.686
153.81
170.252
178.831
191.82
176.944
179.818
156.408
177.168
189.294
205.17
188.282
192.22
200.797
185.43
210.485
150.262
188.399
159.695
165.258
177.972
170.582
174.801
205.098
166.403
164.581
181.459
193.724
167.472
172.611
182.026
170.582
170.702
174.616
189.22
180.515
175.842
168.423
162.33
177.335
160.191
169.823
160.216
177.969
161.214
194.273
180.7
165.258
194.684
178.465
177.722
179.403
184.559
159.955
162.378
173.542
186.983
169.198
144.429
180.302
184.234
180.114
158.199
183.39
175.273
168.188
196.772
184.247
189.83
154.518
151.578
155.774
173.443
161.805
194.029
191.98
182.299
187.611
157.616
179.381
156.041
183.073
191.966
187.568
184.218
163.742
187.273
173.668
161.541
168.759
164.496
170.46
177.99
164.865
162.848
166.138
167.258
190.949
172.514
174.131
184.025
167.411
203.071
148.668
175.993
198.198
191.685
186.39
172.643
188.119
186.805
163.598
163.453
167.369
185.237
172.284
156.249
209.896
169.458
212.65
151.41
167.878
171.968
173.277
170.549
184.232
187.385
195.259
185.177
188.865
165.812
163.508
171.911
180.389
184.956
178.949
167.997
150.657
177.844
176.038
177.956
186.231
176.011
169.504
186.513
185.371
160.047
183.388
162.795
205.287
177.832
171.002
182.173
178.694
204.834
181.151
170.101
161.441
160.798
174.185
162.107
183.872
184.893
157.963
185.983
167.454
166.552
167.099
179.948
169.445
185.46
152.314
185.93
171.604
189.045
178.537
181.655
197.272
162.777
176.686
169.204
176.322
180.222
177.513
215.457
184.131
171.555
162.369
170.214
174.195
161.455
167.256
175.397
178.517
175.842
187.911
183.561
172.33
167.992
200.31
174.262
188.746
173.74
173.335
174.234
179.095
186.026
151.943
201.795
196.584
168.958
184.517
156.22
174.115
179.693
193.139
176.029
179.793
191.694
184.138
186.783
181.031
198.283
177.573
182.973
171.224
171.938
178.655
153.97
178.405
171.729
178.431
168.072
167.922
208.016
168.555
193.291
176.314
150.44
178.34
173.706
181.247
173.676
151.174
159.351
158.44
187.29
182.559
164.625
165.7
191.089
181.367
189.823
173.669
174.148
155.578
183.87
206.993
178.155
195.63
179.633
180.397
181.82
153.439
177.363
176.534
164.849
162.213
159.509
184.927
168.881
211.04
164.948
173.528
173.731
167.957
160.483
164.462
186.917
181.434
175.847
194.919
165.364
170.604
164.07
184.018
173.557
191.911
167.369
183.93
180.511
189.818
143.813
172.174
191.995
161.877
186.463
158.469
198.829
161.141
180.157
182.01
183.318
174.893
184.797
195.386
177.654
164.426
189.335
172.962
168.547
169.831
158.431
161.128
191.331
166.747
201.2
187.222
165.915
174.31
193.888
190.893
173.056
162.077
158.433
182.611
168.121
185.837
153.385
193.076
187.34
196.931
160.821
173.679
164.98
174.032
174.189
177.47
171.351
184.842
166.921
161.696
178.997
194.223
169.563
164.433
177.08
171.18
185.091
193.926
170.72
184.619
159.34
201.747
173.918
143.174
176.64
181.283
184.115
183.845
196.485
145.071
176.563
162.768
187.39
192.751
200.822
158.558
163.47
179.671
181.963
188.225
196.042
189.008
165.225
162.04
186.743
154.917
156.086
175.603
157.016
185.62
170.356
189.807
170.767
172.737
188.125
178.426
164.972
165.437
176.302
165.914
178.635
201.074
159.751
180.686
199.328
172.698
168.545
181.769
156.46
211.398
194.151
176.091
158.268
172.376
177.743
158.611
183.794
166.893
150.201
175.131
186.297
169.66
199.217
166.603
175.157
174.863
159.147
154.212
191.231
211.152
156.967
182.984
170.77
182.472
169.437
186.742
182.311
170.182
180.197
165.288
135.722
177.518
186.898
152.154
163.443
171.601
212.546
198.763
184.807
190.319
173.895
188.834
184.99
172.278
171.853
176.892
163.149
179.143
201.841
182.169
183.982
178.636
195.306
178.46
164.943
169.046
189.76
197.179
154.001
170.231
153.574
174.264
158.747
164.747
188.098
176.316
179.983
189.816
192.428
161.295
143.919
174.206
161.835
182.855
190.787
158.744
174.972
181.515
155.004
201.488
172.515
192.216
190.921
174.526
185.581
158.158
129.306
200.755
151.795
183.887
157.381
155.451
162.291
174.348
194.309
188.869
158.695
178.692
171.281
168.92
201.527
173.318
185.803
164.574
161.378
203.255
190.958
177.359
169.756
160.115
173.066
181.403
175.991
172.44
154.553
186.723
181.405
184.827
173.329
177.595
176.434
173.262
186.78
173.884
201.211
184.001
213.569
172.607
176.307
181.214
167.557
179.042
172.237
173.699
179.926
179.723
161.59
179.46
178.257
169.69
151.263
200.015
177.745
174.536
186.794
183.4
158.01
178.062
185.84
187.604
184.795
129.319
191.966
163.388
219.76
199.492
176.132
177.068
194.755
170.144
156.888
174.498
176.152
166.548
146.659
170.455
143.624
170.809
182.183
183.069
152.084
172.942
171.581
194.614
183.444
182.177
187.71
173.66
191.955
188.235
188.768
163.291
157.195
182.011
184.698
199.184
161.536
193.564
172.721
168.586
168.335
197.377
155.451
160.49
178.462
162.964
169.806
184.499
218.348
148.856
166.421
157.35
185.967
163.067
174.954
190.217
192.399
165.937
169.416
176.434
167.97
159.124
195.883
182.753
162.893
191.112
184.411
176.47
175.264
152.154
178.989
181.865
185.928
180.998
186.446
180.969
175.686
154.931
187.85
210.118
182.647
158.952
170.187
89.2182
158.985
210.358
170.569
178.222
177.62
175.633
172.535
158.836
189.937
182.087
156.18
175.266
174.051
182.024
157.454
163.046
162.334
195.042
174.747
178.98
163.319
208.511
173.223
164.923
156.363
178.053
157.387
158.711
178.762
176.233
184.923
172.1
180.577
160.565
164.554
168.724
164.21
196.523
173.594
175.177
178.864
163.712
186.206
187.66
166.148
181.675
180.166
170.536
185.447
159.979
178.067
180.9
166.55
162.88
200.495
181.649
197.334
193.965
157.543
183.547
138.65
194.346
147.023
178.224
177.345
189.707
178.739
181.962
176.535
197.77
169.872
167.71
179.775
170.703
181.887
172.649
183.519
194.58
181.207
188.527
175.652
175.65
178.277
172.129
160.929
164.012
182.327
197.629
185.04
176.206
188.576
195.933
160.989
171.759
183.008
169.502
173.13
162.317
164.277
169.874
174.164
182.277
167.858
165.125
160.843
154.199
181.2
177.924
192.947
163.797
180.937
189.753
165.915
153.287
205.919
162.896
180.29
197.899
171.966
147.015
177.543
168.368
159.557
144.81
192.649
159.606
213.638
171.957
165.888
177.954
192.067
182.367
181.51
145.074
197.73
175.86
161.888
173.934
155.627
185.307
184.447
172.639
185.862
192.572
176.939
162.359
214.35
190.254
174.617
188.042
198.691
136.406
189.788
190.463
169.152
196.847
158.367
169.387
165.688
162.876
179.566
166.719
194.595
215.926
188.644
184.576
165.183
147.068
178.119
189.774
171.404
165.947
170.387
191.224
174.497
165.589
192.177
186.886
180.967
163.699
188.838
171.549
187.163
186.188
177.93
161.466
190.436
153.003
206.374
176.141
185.817
169.337
175.231
172.573
190.719
165.949
154.089
197.372
155.241
182.256
179.202
189.617
164.031
156.117
174.971
188.577
162.045
158.561
156.524
192.66
179.725
201.946
176.587
196.638
162.994
161.09
193.492
192.986
182.586
199.367
170.543
180.298
189.13
176.523
189.229
194.811
161.091
189.298
168.855
190.978
183.219
198.843
195.6
173.476
176.783
198.249
195.832
184.805
144.651
162.872
200.251
166.429
167.799
160.464
167.489
182.413
178.542
194.857
178.11
170.988
170.017
203.552
172.061
152.03
165.758
183.775
189.422
191.64
177.053
169.355
169.18
148.308
178.963
183.09
187.395
150.551
172.476
186.605
146.809
179.52
205.125
171.58
170.198
197.398
168.79
78.0383
168.737
200.799
179.426
183.062
191.248
153.026
165.76
171.097
179.091
140.701
190.024
173.034
160.361
210.491
183.412
171.968
192.377
163.529
190.497
177.397
169.623
183.162
193.963
190.875
168.979
190.715
171.372
202.638
168.59
183.75
156.645
184.933
182.476
176.139
141.442
177.381
184.53
177.6
193.445
182.432
181.93
179.256
144.026
186.234
181.854
189.021
188.343
184.78
181.33
183.031
163.461
171.918
209.62
203.736
187.703
195.187
176.512
186.181
182.323
187.485
164.123
169.979
155.416
179.743
153.162
191.474
178.303
171.992
151.694
184.373
169.277
170.431
186.224
171.844
195.227
162.03
167.669
183.272
156.155
205.082
203.001
184.44
169.243
187.218
158.543
188.803
194.945
148.611
151.037
163.668
174.518
173.773
181.28
151.048
181.348
173.55
189.867
180.002
180.233
175.421
200.189
197.013
179.463
170.957
130.645
181.06
184.184
184.551
171.302
199.061
189.769
184.577
153.8
188.064
170.453
150.758
193.147
177.876
178.169
158.161
154.095
194.381
167.543
170.225
169.061
169.528
171.523
187.555
175.673
166.6
166.841
179.368
164.19
158.657
183.242
188.821
174.506
145.567
179.54
147.989
180.938
151.475
209.222
159.419
161.27
167.517
164.268
181.601
172.871
170.756
171.044
191.024
186.007
168.987
178.133
151.779
183.26
151.426
157.344
189.564
174.052
175.202
173.268
148.782
172.925
189.815
177.652
171.333
175.306
201.296
183.14
192.361
175.979
192.532
140.952
184.965
155.56
124.203
193.293
144.013
149.777
189.584
169.935
156.469
169.85
165.607
161.535
171.596
166.711
183.89
175.765
189.256
181.157
166.373
204.412
174.176
146.118
157.656
174.452
174.065
177.329
179.213
155.837
161.145
186.03
188.952
173.213
149.539
214.737
176.951
182.556
163.998
191.203
166.823
181.154
183.684
175.043
187.651
158.457
188.164
192.652
174.304
175.877
167.05
170.571
166.967
182.493
184.293
179.203
158.934
187.577
180.747
165.485
173.443
167.014
172.485
160.196
205.438
171.479
169.238
179.882
172.516
177.508
182.688
171.864
163.994
170.554
174.701
160.394
172.604
194.65
168.604
184.889
162.614
174.378
175.683
153.379
205.385
204.013
180.844
186.73
186.083
150.57
166.671
186.216
177.511
173.519
177.894
188.717
202.485
194.311
164.74
167.267
175.427
163.261
154.26
179.187
176.013
175.009
177.335
186.306
194.082
175.032
179.064
191.706
187.784
176.03
163.824
179.39
197.403
199.108
175.608
189.788
157.813
196.741
205.804
173.802
185.937
147.053
186.716
162.745
171.906
200.132
164.048
199.929
178.58
174.116
180.488
169.925
177.786
167.62
161.256
180.965
178.494
171.457
166.016
187.92
180.081
187.75
175.482
184.613
192.324
180.388
178.977
183.308
160.07
180.458
178.465
181.13
198.958
190.497
197.104
152.979
167.755
160.013
198.911
173.187
177.194
158.179
148.633
180.354
146.732
162.802
184.681
187.669
196.043
172.233
161.203
185.542
161.436
172.753
196.611
190.523
187.91
165.054
167.905
149.3
204.426
190.197
151.13
170.938
171.104
186.895
189.155
180.158
157.953
179.464
167.769
174.464
179.533
160.752
175.315
179.816
174.214
183.766
188.978
159.659
191.307
162.243
171.654
197.515
155.189
176.87
165.553
163.087
165.338
164.04
170.525
179.976
176.275
170.929
182.245
193.838
184.522
179.018
194.542
168.877
168.353
172.99
169.814
171.929
176.103
186.862
189.107
176.72
163.593
157.853
193.251
170.575
190.122
193.79
184.892
155.087
180.498
199.512
192.598
169.248
180.736
181.096
153.59
172.105
173.197
171.697
189.212
184.442
160.726
160.68
176.999
165.87
181.556
190.501
207.134
170.785
188.065
177.099
187.562
166.008
169.204
185.174
199.189
182.361
163.472
196.884
169.54
166.787
181.105
177.203
176.299
178.816
168.734
147.93
174.692
172.961
155.456
188.589
172.508
201.897
194.736
160.634
189.672
185.525
171.176
184.671
171.112
163.26
155.016
173.237
151.155
173.045
166.958
192.881
175.636
144.512
176.513
188.944
196.684
178.676
194.562
176.048
161.929
176.11
166.865
168.701
178.518
177.653
183.733
181.558
197.307
175.576
203.297
196.939
171.18
181.873
171.242
185.048
185.266
175.819
188.144
175.068
146.853
174.45
152.648
187.191
161.383
181.23
167.315
163.66
177.865
177.776
145.323
188.884
183.487
176.919
168.943
182.158
168.882
151.594
173.083
162.196
164.966
173.078
167.204
176.213
156.282
184.863
167.711
194.775
193.53
159.117
162.517
188.182
196.764
206.239
179.972
178.519
173.973
191.155
165.534
169.181
165.368
164.225
182.267
169.739
194.49
190.004
191.447
186.821
177.626
181.657
180.627
172.328
164.591
185.015
184.192
172.746
163.647
165.583
182.405
186.878
181.52
181.231
185.183
148.983
180.403
190.529
171.833
176.042
155.62
176.246
168.592
164.123
160.136
183.642
170.053
192.556
162.639
201.828
185.733
186.243
186.691
170.907
179.522
179.288
187.756
180.519
181.953
190.843
190.725
162.679
177.402
163.646
174.431
174.566
174.202
157.577
204.643
151.012
144.062
147.908
167.461
168.053
191.96
168.939
174.451
185.141
178.224
183.407
205.135
188.393
172.51
155.593
167.583
173.06
172.885
186.322
180.705
179.361
161.139
184.17
172.555
159.282
180.372
164.052
211.622
190.931
159.233
163.348
164.883
89.4172
187.575
162.283
186.009
164.56
205.049
198.708
168.562
184.215
154.89
160.365
162.755
199.526
170.754
184.991
181.368
163.701
175.527
205.269
197.661
178.988
205.272
168.685
206.394
183.608
161.469
201.854
174.713
175.443
150.782
181.442
166.022
178.316
175.799
187.117
177.913
185.418
233.06
165.064
173.507
182.753
160.943
161.868
172.841
166.906
175.704
178.713
170.344
159.453
194.391
160.728
169.81
198.51
162.908
139.89
174.451
176.716
183.204
201.799
160.373
182.322
190.161
177.139
183.108
198.625
182.0
156.135
189.214
203.547
163.831
188.216
175.883
171.41
189.765
154.04
184.222
177.349
165.045
161.629
184.468
174.154
173.934
194.469
187.656
185.251
168.11
174.158
191.145
163.126
151.421
185.765
193.183
185.169
184.919
171.013
169.233
164.649
168.683
180.206
185.175
166.484
203.186
169.78
178.181
175.27
183.002
167.057
168.002
168.347
193.402
161.256
167.743
174.41
171.426
177.567
184.242
200.234
163.149
176.797
193.743
174.786
171.351
186.386
160.38
176.062
171.181
165.278
165.507
156.917
173.216
156.213
158.618
194.018
177.297
172.055
172.807
182.623
178.218
206.173
179.057
165.766
157.446
170.801
194.724
171.26
157.607
176.11
175.459
169.047
190.281
173.734
178.579
188.879
174.317
167.112
174.165
184.01
175.018
144.372
173.472
182.684
159.865
158.59
166.215
186.628
179.489
186.129
158.204
172.674
172.335
143.258
168.856
183.385
141.628
199.085
183.678
182.784
175.479
164.464
183.497
161.976
182.914
172.119
162.039
167.059
171.194
205.329
176.872
202.055
204.464
149.966
166.221
183.048
197.0
197.235
187.481
171.936
169.621
179.381
190.173
171.192
202.642
198.232
190.667
155.991
176.319
170.36
185.621
202.111
164.744
165.125
175.631
169.746
183.435
173.774
220.391
161.113
186.463
195.879
185.293
190.141
184.614
153.615
148.732
169.383
162.793
184.418
175.584
192.796
186.06
188.205
207.168
164.958
167.116
187.113
174.221
166.589
186.852
181.751
204.583
163.902
180.957
172.525
185.33
181.073
142.325
148.418
178.488
187.557
173.142
164.644
158.232
178.603
167.281
174.892
170.005
134.785
156.124
181.921
165.69
154.571
161.704
160.533
186.038
194.368
170.631
164.519
151.711
185.234
183.84
169.675
175.851
159.496
163.674
164.933
161.133
184.629
172.01
187.442
177.427
157.306
174.596
150.118
160.355
174.61
193.869
181.728
174.117
165.06
160.162
174.638
166.117
162.466
183.652
164.246
168.933
161.439
214.258
168.21
161.022
210.989
174.216
161.322
170.307
169.102
175.539
176.063
192.757
156.213
147.172
159.894
153.027
207.837
143.732
164.448
156.506
172.475
170.549
176.002
197.016
141.761
194.78
164.283
185.65
166.803
183.237
161.334
211.255
162.047
176.759
190.987
156.004
191.514
158.993
167.797
161.167
186.413
185.613
163.762
188.13
168.921
163.034
195.038
191.832
169.991
180.518
167.574
187.316
176.49
179.156
184.584
186.061
155.07
180.753
164.966
199.774
184.363
160.146
176.308
162.223
193.774
164.393
164.352
174.52
167.83
182.265
187.121
187.554
181.728
167.608
178.816
164.785
199.195
166.272
158.816
188.241
161.093
168.075
141.34
183.342
178.336
171.069
212.297
147.483
168.505
195.852
184.674
171.592
155.506
159.491
170.545
168.392
120.749
183.155
196.974
176.269
180.685
158.24
170.621
195.333
174.564
161.817
183.772
158.217
181.215
192.424
136.129
183.937
171.764
161.96
177.27
161.898
162.801
152.943
158.695
118.492
161.45
178.717
171.542
187.863
192.324
173.287
177.05
155.689
193.196
150.54
178.076
195.857
152.295
168.698
162.146
169.572
175.448
203.591
186.568
189.855
162.623
173.818
185.832
160.053
184.709
181.085
178.416
159.673
187.559
199.713
194.085
171.693
179.039
163.615
175.838
154.633
177.221
199.871
179.772
166.067
161.497
168.59
151.306
184.164
173.433
147.92
154.061
200.547
170.943
194.269
171.385
191.066
187.322
179.091
176.102
175.669
195.221
184.744
176.229
164.815
170.773
155.941
171.663
176.205
165.928
173.532
171.948
172.472
205.55
163.177
169.174
149.668
166.215
178.812
171.096
172.982
157.583
167.539
167.942
184.074
160.4
191.723
141.068
169.251
157.176
110.517
163.396
167.748
193.694
181.151
192.149
169.175
170.372
179.668
191.448
157.808
170.931
179.941
197.582
180.642
199.188
182.769
173.756
171.169
210.867
166.79
178.625
183.538
171.485
195.441
181.954
165.328
161.783
158.65
186.625
196.434
173.996
176.43
197.2
170.024
192.077
188.935
186.499
150.359
185.263
192.318
191.872
169.72
189.109
187.296
199.109
172.118
167.63
170.221
168.31
163.832
171.886
172.145
180.054
163.909
180.653
154.32
190.081
177.829
191.41
153.928
154.425
171.177
161.872
163.905
181.559
164.527
168.034
167.819
189.331
175.516
176.725
187.924
196.745
139.695
176.926
179.256
185.644
161.581
171.478
181.882
189.396
176.244
167.324
179.736
186.842
177.068
163.503
164.467
169.332
183.957
172.694
173.751
166.866
156.418
180.781
181.215
176.84
188.356
180.988
177.402
187.153
176.468
173.159
169.167
162.854
156.506
183.609
150.043
155.191
167.563
193.888
175.551
184.611
185.737
183.085
198.366
193.999
184.671
169.379
190.014
170.588
195.488
187.934
172.104
174.528
192.192
188.242
182.374
167.181
168.863
183.052
156.535
195.277
180.562
178.518
170.811
168.147
184.171
166.557
182.525
165.489
141.343
186.531
166.131
176.922
169.041
178.042
188.923
171.023
180.326
164.899
196.064
169.036
182.971
187.592
159.413
163.577
176.575
163.851
183.818
174.558
169.899
181.965
179.062
190.656
192.029
194.544
182.387
202.207
178.519
173.111
218.917
160.514
174.821
156.972
182.992
161.823
174.414
159.062
177.994
185.276
182.52
193.035
169.462
191.052
187.795
175.163
185.678
176.667
177.797
184.13
163.514
196.332
159.245
170.485
198.691
186.893
175.286
161.928
206.12
165.1
152.665
180.948
172.417
179.632
201.417
173.318
170.439
157.685
170.687
172.212
156.462
164.649
200.895
186.996
153.817
159.373
193.388
180.876
177.206
160.463
196.211
173.004
170.534
169.619
168.521
185.772
151.476
191.051
207.221
170.138
182.368
187.218
171.817
185.407
177.706
196.41
183.276
170.542
171.61
195.578
166.771
178.428
161.632
190.187
160.237
159.984
193.868
155.606
174.661
178.765
170.424
181.947
184.243
163.12
175.345
170.359
173.02
171.309
156.905
169.104
198.851
196.171
186.163
195.476
160.321
179.765
179.413
185.31
142.582
175.789
174.161
198.832
178.556
171.286
222.275
168.476
172.316
173.126
175.005
172.623
167.06
195.063
197.147
204.884
180.109
169.933
163.071
184.179
197.929
197.083
186.6
163.655
184.933
174.121
189.103
169.108
179.279
177.658
158.274
173.669
201.76
162.836
185.554
180.637
179.018
189.822
164.511
178.748
169.072
201.595
140.987
184.684
172.879
181.917
171.646
188.991
207.519
158.849
180.98
169.827
164.987
183.393
182.886
169.773
175.098
167.063
182.499
185.858
162.15
183.638
188.84
178.726
166.337
187.55
169.92
172.942
169.939
174.833
195.659
174.676
172.905
181.773
169.926
173.981
166.903
164.987
173.093
154.128
204.231
200.482
159.282
184.362
169.076
160.499
180.384
183.917
182.231
148.859
184.216
164.228
160.497
167.666
135.559
191.887
176.454
166.564
182.704
179.354
175.583
167.046
159.315
172.856
192.486
166.267
172.61
177.565
176.093
170.06
173.648
161.503
160.792
177.792
170.068
164.196
185.857
175.319
165.252
194.774
182.24
182.183
199.775
189.228
188.904
158.106
154.043
166.824
152.415
197.111
160.39
170.474
172.073
186.725
178.527
178.18
170.009
176.484
185.322
190.39
198.583
143.963
188.379
184.019
175.858
179.313
177.323
163.531
168.173
194.948
168.376
185.641
189.713
183.288
167.565
190.168
164.461
167.63
187.882
194.986
137.054
176.003
175.275
192.182
159.972
198.484
175.789
165.933
171.756
181.303
169.884
205.753
171.425
169.058
170.264
169.51
188.923
199.713
177.232
166.527
165.115
176.728
139.607
167.537
209.618
163.482
177.272
155.755
163.137
177.405
172.112
174.89
156.103
165.54
171.326
176.749
181.386
148.72
162.767
153.307
181.982
185.274
168.777
177.515
175.666
168.94
97.4525
181.646
197.147
183.353
186.34
171.289
165.297
165.335
169.458
169.088
167.591
160.35
181.043
177.777
174.754
173.43
185.068
177.895
171.387
187.692
178.468
190.712
183.494
186.587
171.957
169.498
184.81
158.703
159.515
144.85
194.643
193.112
172.935
178.972
134.681
198.711
170.776
151.928
183.094
183.087
204.01
172.175
167.609
176.299
159.388
176.799
183.253
179.102
191.935
175.868
189.074
172.976
170.061
187.204
158.24
178.38
166.378
174.243
158.77
183.788
164.236
146.932
165.26
185.477
194.507
161.564
167.81
170.525
158.544
164.075
180.007
171.959
157.755
188.029
156.687
193.141
188.079
79.8249
196.507
178.107
175.197
174.329
155.31
185.788
166.555
190.733
161.906
178.62
180.472
195.066
179.563
189.839
138.079
182.909
173.567
170.877
190.988
170.69
199.555
184.272
168.022
176.024
187.393
164.844
152.284
159.297
189.285
172.94
177.593
158.846
187.748
183.751
196.75
168.194
185.827
164.93
160.437
175.904
180.936
159.669
187.855
181.069
155.064
157.014
178.328
167.92
169.532
161.501
182.501
191.263
191.156
176.723
194.039
192.592
177.704
196.086
167.362
163.761
150.249
190.274
184.291
170.848
175.377
173.822
167.384
174.126
180.589
163.473
140.088
179.791
175.26
180.18
204.812
183.484
172.711
169.316
156.292
167.902
189.113
175.618
165.142
164.853
164.271
182.785
173.482
178.573
182.405
184.036
192.238
195.755
172.223
164.638
165.005
172.823
167.999
160.806
186.176
164.457
192.449
178.162
149.811
182.281
177.47
179.529
175.554
183.804
184.597
196.747
192.314
180.024
168.269
149.936
161.251
162.737
190.267
179.925
165.588
180.886
149.885
190.733
176.777
175.256
174.804
203.723
179.33
188.255
168.412
171.786
185.733
183.866
193.785
191.742
217.592
183.067
175.7
150.01
186.848
187.19
175.975
154.837
147.404
170.704
167.943
176.056
186.672
182.857
170.935
178.253
178.441
162.046
166.998
181.366
202.404
178.501
171.549
199.714
163.377
173.015
167.516
188.824
197.022
177.583
203.29
172.475
159.169
161.547
169.382
175.629
155.144
176.515
175.925
166.61
167.756
181.285
183.198
177.403
183.426
149.952
193.228
175.346
182.264
175.036
178.216
181.004
163.539
174.038
177.793
165.367
188.791
157.389
166.69
167.818
174.997
177.636
151.489
158.193
189.261
166.841
183.162
173.588
163.895
186.666
181.83
185.313
177.184
189.213
191.817
181.258
159.155
178.486
180.235
166.074
182.157
191.0
180.859
175.054
200.944
157.644
180.485
