177.185
180.942
192.684
188.437
177.488
203.913
169.225
171.52
174.479
177.373
193.911
191.633
163.566
172.728
201.052
185.701
156.047
185.042
163.48
180.426
183.207
154.375
201.644
182.471
196.25
155.873
192.552
191.087
180.11
196.639
166.097
170.843
175.911
174.81
186.083
184.944
184.463
184.001
181.449
176.336
171.397
162.881
171.705
188.914
189.35
170.258
189.907
171.252
191.503
170.217
204.873
186.823
177.155
205.155
202.313
175.261
181.026
174.859
194.256
220.731
198.21
192.05
172.772
177.017
181.883
149.691
180.32
186.559
197.677
191.594
167.664
168.66
176.048
185.666
160.822
154.967
180.774
151.068
182.701
187.833
176.502
189.963
180.165
173.771
200.713
177.033
162.888
172.931
178.024
187.34
183.052
161.274
205.675
190.596
170.622
189.773
198.255
182.53
202.606
208.79
184.059
173.327
173.537
181.018
167.492
196.631
178.481
187.222
198.57
186.831
177.239
183.242
196.736
147.327
163.75
175.873
192.291
189.588
194.587
170.387
188.479
174.168
195.828
181.263
187.186
154.17
209.22
178.208
163.56
170.195
172.583
179.072
203.222
168.256
170.779
200.39
175.874
178.682
180.2
185.825
170.864
192.546
174.174
165.247
204.542
183.503
185.72
182.917
175.225
187.102
177.489
185.351
194.594
198.849
177.622
175.923
183.379
174.778
170.593
195.964
168.351
197.688
172.099
201.441
184.327
184.771
179.586
167.502
171.594
170.474
194.725
201.612
167.294
180.412
207.916
209.489
194.563
198.63
177.068
169.651
174.835
163.652
171.408
195.095
192.437
198.241
203.7
187.421
181.763
174.007
179.902
180.541
188.959
205.88
189.526
197.812
172.008
188.461
193.402
171.233
165.622
149.765
192.502
196.537
157.023
176.388
173.234
190.777
188.632
165.535
172.92
190.581
184.951
170.966
182.092
172.342
172.688
184.74
196.906
189.086
197.275
163.041
196.029
184.608
154.744
208.054
180.918
167.928
177.171
204.602
193.466
214.755
178.364
198.826
173.842
176.927
178.922
189.855
171.528
194.836
191.792
189.952
168.328
161.926
175.545
164.493
157.722
184.039
169.799
183.976
179.903
186.526
185.291
188.603
171.89
143.487
158.501
184.317
185.802
191.911
183.535
175.953
173.759
180.284
192.728
184.038
191.721
158.538
164.066
167.938
163.696
180.143
175.933
188.174
178.954
186.027
174.964
184.705
213.486
154.954
186.23
174.746
169.163
189.948
192.467
195.139
186.326
173.999
201.359
202.546
163.64
195.182
171.288
178.335
182.709
175.431
203.344
200.444
173.257
180.578
186.699
158.159
176.869
193.546
168.474
172.884
176.964
209.01
186.447
186.608
175.776
176.057
184.106
186.268
167.812
178.165
177.106
176.286
197.416
180.644
177.471
180.003
173.21
194.274
190.543
163.447
182.999
190.113
189.416
200.304
186.476
159.714
175.259
169.765
195.775
173.953
170.147
188.728
176.72
168.026
170.302
181.956
175.463
189.087
174.927
168.765
164.637
197.136
209.536
180.903
162.46
180.271
202.349
177.713
177.185
199.319
189.841
196.657
175.066
194.48
199.58
154.491
174.458
195.289
193.52
180.973
169.254
181.837
192.588
202.344
181.955
188.149
200.352
186.418
182.556
188.568
194.863
196.141
172.709
177.243
184.041
176.8
194.125
171.418
201.985
192.415
180.584
172.751
194.034
197.511
200.812
188.164
200.284
193.628
150.744
211.733
179.89
191.626
184.823
185.432
179.599
165.351
173.127
161.454
179.81
167.891
185.74
200.741
156.101
208.423
192.878
174.351
200.318
186.584
190.702
169.743
185.05
194.188
146.968
168.452
171.718
172.802
175.711
139.387
170.883
165.425
169.554
182.187
190.669
205.865
182.244
175.849
192.657
206.092
201.65
162.038
178.125
190.098
196.049
177.911
177.157
189.263
183.72
186.097
169.973
186.766
171.515
158.338
191.896
182.887
162.787
190.469
193.6
179.548
188.78
174.868
194.618
179.045
183.861
181.446
187.459
151.276
168.819
191.645
196.429
184.302
170.904
182.268
206.492
174.248
179.076
183.768
180.829
179.736
198.596
201.279
182.167
187.908
192.13
174.2
176.603
198.291
207.985
183.175
173.859
163.243
189.267
192.815
188.515
167.769
169.974
163.467
181.719
177.917
179.481
214.208
179.274
183.544
185.137
190.367
178.912
194.707
162.846
171.264
182.013
191.41
177.822
187.19
150.283
152.554
164.532
211.928
170.122
188.452
180.403
173.303
167.915
190.467
173.322
165.914
209.652
177.933
164.501
184.305
177.521
185.325
195.877
207.008
201.883
157.747
169.771
169.141
175.311
177.171
193.996
187.689
183.261
166.898
185.515
162.181
174.336
165.388
183.725
166.483
212.624
171.679
179.346
164.914
167.014
197.725
162.526
191.603
190.731
177.806
191.076
199.462
176.577
158.515
178.957
197.198
163.573
196.468
166.504
152.352
175.903
198.753
202.19
146.323
137.124
171.889
176.688
178.801
186.884
183.247
177.3
176.189
170.33
197.851
165.527
171.018
198.267
164.836
184.804
191.218
192.261
189.535
167.472
182.411
187.842
192.78
194.6
168.122
169.71
165.406
186.963
193.692
190.201
183.362
193.674
173.522
186.0
181.546
173.691
156.677
188.12
190.435
156.462
175.817
189.154
205.927
182.323
164.809
172.455
157.866
176.784
180.789
178.918
173.601
176.061
185.142
170.98
180.445
178.449
194.511
159.18
189.374
179.101
178.096
182.543
170.204
169.284
208.641
195.279
174.89
190.735
150.762
178.5
157.224
210.428
186.438
186.816
158.453
150.833
158.571
171.301
182.352
198.893
194.819
185.95
176.074
184.192
198.26
181.999
182.166
159.586
152.063
191.335
176.117
182.495
172.822
179.972
165.074
186.233
183.083
189.471
179.405
173.799
191.83
199.64
180.454
204.604
201.584
143.577
183.56
156.355
164.149
207.009
176.76
194.613
191.758
170.386
168.946
202.927
176.631
174.066
172.011
167.273
164.276
175.257
190.462
186.903
196.245
170.747
181.499
181.43
181.267
165.862
174.949
162.608
177.733
157.102
174.079
178.405
170.874
185.204
195.213
179.682
176.708
177.616
202.384
195.949
179.847
200.716
173.841
195.411
172.896
170.643
204.775
183.664
180.219
154.855
180.826
185.832
198.438
196.505
162.604
178.604
183.489
169.028
164.929
177.367
188.946
176.131
183.494
192.569
209.236
181.225
171.41
163.571
165.942
170.166
182.823
160.223
194.97
174.915
178.088
179.723
179.152
209.727
184.883
171.223
195.78
161.902
175.183
191.598
175.181
171.974
171.465
191.743
182.112
172.851
175.061
207.851
203.936
187.616
133.279
178.164
188.23
173.896
196.489
198.072
181.055
197.177
179.128
186.464
179.776
192.949
170.205
148.999
180.617
163.885
174.806
159.289
194.96
190.635
182.818
184.73
195.327
177.095
198.485
182.237
171.0
174.378
180.078
226.958
191.04
181.5
181.446
201.081
202.096
179.06
186.973
176.544
168.954
206.167
210.88
173.901
199.466
194.689
202.002
179.299
176.176
197.705
173.309
178.713
166.952
189.453
179.611
144.532
177.104
196.571
183.764
212.463
180.848
186.602
186.189
194.214
183.432
180.792
155.762
165.387
162.67
167.974
181.328
190.151
181.4
167.583
206.295
201.406
191.093
170.912
174.207
171.385
172.751
153.593
168.215
173.494
173.62
174.992
158.25
175.947
207.971
179.527
168.203
179.006
207.04
179.624
178.913
168.942
164.689
173.828
151.705
191.609
177.03
162.255
161.288
188.526
165.991
182.667
180.826
171.511
186.258
172.833
195.619
195.975
181.354
189.983
206.945
172.573
170.789
179.32
200.141
182.408
173.141
171.781
178.15
166.982
191.242
183.031
193.721
207.336
175.778
178.579
190.799
171.299
178.846
173.522
171.304
216.923
154.474
198.107
178.233
200.781
190.468
172.379
173.532
200.106
172.494
165.452
169.504
155.811
179.99
180.567
171.935
183.201
189.567
173.008
173.771
165.55
166.705
189.972
178.488
178.731
174.164
181.207
199.636
186.55
171.702
177.248
180.523
179.141
208.469
159.531
208.627
182.968
174.299
160.914
170.211
187.982
169.675
182.85
175.319
167.842
191.877
158.039
198.858
183.254
185.762
178.751
171.828
169.278
187.98
159.441
176.139
193.795
190.801
179.629
175.573
176.337
202.571
198.531
180.132
183.994
186.885
192.24
175.441
181.983
181.022
187.257
182.175
203.37
169.004
165.29
193.782
189.518
168.065
207.983
156.455
180.41
199.263
192.535
191.071
172.943
174.878
187.46
174.074
181.044
193.793
191.391
166.23
176.73
192.122
197.476
171.025
178.499
146.098
178.986
205.206
185.906
160.716
189.806
163.201
171.611
166.59
198.743
185.212
202.541
176.959
185.759
202.659
168.278
165.064
183.076
186.181
168.878
165.292
150.605
211.117
173.509
180.994
196.852
193.831
198.4
162.507
168.092
192.155
167.93
155.324
200.29
173.531
184.337
184.883
191.183
190.481
165.609
180.708
174.689
165.202
177.719
182.121
154.566
181.563
158.328
169.568
179.549
174.45
207.4
178.814
194.393
161.144
177.51
209.216
193.454
177.281
191.165
190.535
192.328
196.369
195.249
186.461
186.459
179.213
182.061
157.118
188.968
180.668
149.091
178.029
171.579
170.729
168.644
174.699
185.497
195.279
187.036
185.779
178.447
173.067
161.422
201.042
188.408
167.415
202.459
177.866
166.328
163.223
191.807
198.712
170.965
154.523
174.944
219.901
192.173
163.9
172.229
180.728
185.313
180.441
174.082
190.15
177.943
191.603
200.225
168.503
185.244
177.074
176.511
160.965
178.691
153.635
166.907
183.514
193.735
198.614
179.084
167.355
201.701
197.09
200.005
149.697
170.15
186.243
155.93
186.327
171.01
192.838
170.815
173.602
174.232
195.865
174.551
181.491
160.986
187.736
190.634
192.391
198.816
172.868
193.16
187.393
183.223
155.938
184.703
152.935
175.319
181.341
177.328
167.644
190.312
191.055
181.614
186.738
178.92
199.31
192.223
203.675
187.479
179.362
212.583
164.426
168.695
179.205
161.645
164.437
180.056
179.403
178.805
179.239
158.739
208.705
204.977
159.921
189.063
169.096
187.881
188.908
205.813
172.23
178.492
180.285
185.74
179.656
181.081
190.237
190.672
189.669
220.887
179.485
177.437
198.991
173.82
178.74
174.935
167.372
176.192
173.692
152.064
183.254
200.321
202.653
178.192
196.783
183.154
184.206
175.15
174.593
175.979
176.798
179.649
184.518
175.085
163.032
167.924
191.092
190.996
190.795
197.823
168.48
177.569
180.136
193.167
182.284
183.61
200.334
160.085
191.408
167.565
179.91
178.795
168.851
170.408
187.519
176.915
152.235
188.004
171.158
178.593
198.119
185.978
177.317
178.724
195.979
207.611
166.723
167.675
195.252
170.454
178.46
164.817
187.058
193.257
205.077
190.385
163.389
168.069
201.546
170.931
185.91
166.443
169.019
189.773
171.17
170.6
169.943
195.157
177.414
191.307
188.797
155.158
172.992
179.061
202.54
170.615
184.682
162.25
176.907
191.688
213.537
156.009
220.233
165.544
202.541
177.905
162.689
165.88
156.56
206.125
162.029
157.287
204.401
188.663
190.849
168.979
176.25
188.395
182.253
199.211
176.398
186.1
173.073
185.07
181.399
193.404
174.372
183.381
188.086
163.772
165.979
175.804
180.699
190.598
213.368
184.695
191.045
185.88
186.342
173.977
185.373
185.953
174.313
160.953
183.592
172.899
168.906
208.972
190.576
172.274
187.123
182.609
173.414
193.827
201.145
156.806
182.026
174.667
169.448
169.549
154.585
194.492
176.951
156.279
188.44
170.923
160.064
162.957
195.941
175.8
165.422
179.206
177.666
198.817
171.49
174.012
193.354
171.029
186.49
190.23
159.163
180.082
200.581
171.879
186.956
196.697
164.985
196.046
176.639
185.208
183.661
173.732
196.563
166.384
187.625
186.923
200.696
164.703
183.529
183.247
168.095
178.439
172.614
185.772
179.668
167.754
200.755
183.566
170.342
175.985
186.478
197.301
193.1
178.99
166.664
181.828
178.838
174.244
199.989
163.192
186.965
181.551
202.646
158.315
157.854
170.718
199.834
174.58
165.567
182.34
161.762
185.108
192.833
166.278
185.229
176.918
189.86
170.543
173.804
179.048
200.626
212.564
198.447
175.299
177.129
173.109
176.552
161.845
150.78
181.593
193.393
167.262
175.476
172.454
187.072
186.099
198.25
178.208
197.674
192.498
170.331
208.396
156.466
193.967
181.729
204.313
191.777
201.444
203.462
181.235
149.731
197.687
214.611
172.378
199.65
206.612
169.964
160.347
174.949
167.415
177.648
189.031
168.826
182.79
182.925
158.5
165.631
181.815
149.947
188.531
171.181
200.768
194.126
196.696
199.199
155.647
176.448
188.509
187.595
182.792
197.594
189.18
168.153
189.208
190.844
164.661
199.149
187.765
177.302
194.992
186.609
215.955
192.899
204.45
171.878
167.286
152.663
176.697
182.198
175.927
215.738
176.546
198.741
190.294
185.581
177.813
187.811
161.4
175.451
186.227
195.695
183.554
176.286
181.187
167.514
192.536
191.128
187.019
172.49
203.003
157.914
116.845
191.559
175.354
200.319
178.995
193.087
181.217
203.767
202.142
188.093
187.21
188.029
183.956
194.107
204.247
161.769
168.461
191.979
193.532
173.961
186.161
181.255
186.102
166.745
187.768
166.924
183.199
182.063
178.343
153.421
154.621
191.68
177.632
191.137
191.543
173.612
161.58
161.011
197.695
162.816
191.196
180.861
187.131
181.792
196.627
178.432
156.279
178.502
187.356
176.744
171.244
197.52
181.967
160.703
178.961
172.347
189.874
195.349
171.409
166.249
174.125
140.158
183.065
170.147
190.333
183.208
175.483
153.605
180.558
182.293
172.404
176.001
183.584
185.437
175.27
195.15
186.921
148.895
172.438
188.628
189.314
185.078
200.664
171.836
172.639
194.052
196.487
164.227
165.724
166.681
199.248
188.123
191.621
195.506
184.644
197.583
187.693
195.77
187.506
193.458
195.177
173.514
163.918
194.35
172.114
183.516
165.846
164.172
199.252
184.032
214.325
162.296
169.552
176.348
163.198
187.692
168.625
172.415
187.441
184.974
159.508
196.335
190.526
168.466
186.313
161.751
183.858
176.362
195.826
187.976
177.254
192.972
195.923
184.39
161.57
169.077
170.95
187.197
184.425
161.215
190.239
181.136
200.485
213.209
186.134
174.856
173.635
177.118
193.237
195.311
203.498
182.777
174.331
192.3
182.519
156.5
195.716
171.807
189.271
161.341
206.805
191.778
167.672
166.947
173.882
178.231
193.705
200.083
197.039
170.205
181.141
174.496
187.515
185.537
179.529
175.419
164.695
193.76
160.909
174.463
167.485
177.306
169.574
186.074
182.999
182.019
193.972
186.863
172.21
170.68
170.707
219.838
200.298
174.61
193.325
194.291
169.719
127.84
190.04
177.664
171.58
179.257
179.58
164.62
172.739
174.995
173.628
184.306
191.067
170.946
173.745
171.849
214.257
182.702
183.634
149.316
189.065
165.59
197.135
174.836
187.602
197.999
192.514
188.018
176.806
198.847
169.521
181.091
157.281
183.95
210.79
162.784
183.344
179.02
190.692
191.95
167.002
184.369
188.115
171.329
185.627
179.521
169.069
196.195
184.074
179.966
187.382
184.722
170.254
174.979
191.655
185.913
178.124
179.944
192.213
173.998
187.295
170.632
184.652
167.295
177.497
184.245
189.848
184.586
180.222
169.9
160.403
180.794
166.514
191.813
177.992
182.95
191.389
159.02
176.951
192.954
184.73
188.025
172.701
208.109
170.947
187.21
166.815
168.943
186.592
179.93
170.306
175.97
185.529
191.509
214.201
180.885
188.452
150.142
183.213
186.214
99.5707
182.648
170.053
181.424
184.664
183.028
158.053
168.289
200.12
171.138
203.797
201.369
164.977
175.025
182.762
182.543
176.795
200.838
181.379
215.857
181.759
183.731
183.591
170.477
183.754
165.438
162.058
181.211
177.105
166.224
198.426
169.982
187.407
174.798
173.509
173.289
181.584
190.257
152.67
197.854
194.994
168.976
170.862
184.849
175.47
193.506
168.214
188.336
203.689
196.129
211.833
181.969
191.3
168.445
170.046
183.531
170.942
178.18
176.497
163.354
191.864
188.231
155.962
176.588
208.901
186.435
165.216
164.575
207.46
187.273
160.951
186.8
180.39
181.162
168.738
179.243
154.514
186.057
188.734
171.962
168.98
178.573
166.773
182.198
177.268
200.357
184.56
166.437
155.24
182.869
157.356
172.913
189.31
175.347
170.519
187.291
162.33
165.593
181.171
175.674
181.913
197.809
191.852
170.572
180.196
174.1
207.504
162.558
209.94
184.967
176.487
166.279
161.892
191.675
205.374
184.775
177.65
166.852
180.178
167.366
190.319
186.48
157.076
179.287
184.94
189.735
162.142
192.565
172.208
177.716
157.622
184.331
184.84
188.43
190.599
161.962
180.233
175.701
171.142
196.804
186.585
203.634
190.954
159.125
176.64
167.466
160.613
180.022
189.495
168.292
181.253
180.654
179.507
199.073
182.485
197.994
148.251
184.628
178.908
185.827
159.066
191.156
194.93
186.781
195.35
183.193
194.354
171.499
159.888
182.292
177.464
179.963
160.447
175.435
178.848
152.412
173.508
196.038
175.346
204.702
190.028
165.431
163.428
196.444
159.017
168.628
182.534
168.645
169.095
163.69
186.064
156.919
188.653
200.943
174.474
170.845
190.797
181.412
193.609
175.345
163.319
153.194
194.651
180.609
182.029
185.807
170.626
192.101
171.217
171.537
196.004
195.607
162.07
190.701
167.796
190.298
180.328
173.381
155.908
144.264
168.742
191.503
205.844
168.442
198.912
162.66
183.573
167.089
174.382
190.377
189.421
172.576
187.196
195.867
175.588
176.513
183.792
200.68
198.222
186.234
194.638
170.813
172.431
195.719
187.656
176.631
174.614
186.398
179.661
178.929
175.902
197.08
190.582
178.199
186.621
175.258
176.088
150.158
166.295
178.944
205.09
176.905
203.348
175.097
173.649
168.952
194.2
196.012
199.146
163.383
183.635
182.362
189.408
190.148
180.197
190.294
156.362
191.23
177.806
186.307
176.249
161.207
198.584
181.961
178.546
166.743
173.163
189.169
200.069
175.599
206.579
188.348
172.652
186.818
203.366
154.94
177.383
179.368
203.31
185.013
193.384
180.046
184.045
175.551
176.757
162.534
172.882
178.33
181.359
190.151
177.189
172.918
177.374
171.884
186.785
173.06
181.287
186.223
163.052
174.508
197.092
180.914
167.68
190.718
177.558
184.628
157.747
161.089
202.636
168.664
188.233
194.529
175.161
192.611
159.018
184.326
174.094
183.783
207.118
171.924
161.656
180.026
167.408
186.004
161.628
181.136
192.762
157.083
175.841
157.502
173.561
167.335
189.816
176.654
189.144
180.337
194.389
184.986
175.026
168.565
174.621
176.172
196.078
176.833
187.62
187.0
175.207
176.714
163.417
203.353
180.546
166.646
149.22
192.472
170.517
188.06
175.732
164.368
192.368
171.903
161.771
166.596
170.064
179.86
168.574
181.917
182.662
183.171
191.9
174.424
191.411
194.92
173.982
188.337
159.987
162.71
185.079
186.794
168.483
173.606
184.46
166.667
163.845
217.707
172.541
186.537
187.428
201.438
184.251
179.952
192.272
191.29
179.52
153.627
183.143
177.306
202.029
185.091
179.669
170.138
170.909
158.087
201.728
176.306
170.122
166.851
168.187
194.738
182.186
174.204
178.946
188.85
179.139
193.188
195.307
170.549
193.194
164.369
186.59
173.227
218.855
204.707
174.302
172.41
163.475
201.934
201.239
156.006
185.841
166.916
201.151
176.176
190.181
165.592
179.944
180.103
190.624
168.958
150.132
178.322
183.662
181.249
188.503
199.427
175.887
150.758
174.433
197.201
182.266
207.428
198.312
161.872
193.498
178.769
185.442
168.421
184.051
170.508
168.529
184.641
163.72
202.232
198.38
195.036
189.889
178.267
173.576
204.144
185.279
174.868
181.745
166.828
179.549
165.71
172.874
204.002
177.526
180.708
169.199
173.877
163.105
188.563
193.906
167.887
186.09
194.238
171.08
182.365
188.011
183.81
186.575
191.756
193.438
173.02
173.057
179.019
145.549
185.684
173.201
184.723
176.38
179.041
175.982
172.78
187.38
184.942
196.7
185.57
195.064
157.323
179.95
186.085
194.066
175.492
178.951
170.924
183.709
186.009
185.484
204.226
201.545
169.402
162.012
167.873
171.989
166.531
181.51
176.693
205.621
193.466
189.169
193.527
178.973
175.902
183.762
191.132
163.274
157.698
178.186
179.174
188.12
174.335
121.842
191.333
197.668
163.048
173.433
163.838
190.325
189.332
168.992
183.877
209.772
161.59
201.609
128.286
186.337
186.434
181.802
194.282
202.264
179.203
179.605
182.889
177.766
190.036
160.758
178.152
187.774
182.815
178.407
174.86
168.106
178.127
171.353
178.586
200.638
156.148
178.948
180.817
162.553
182.071
186.326
202.044
171.144
171.59
212.427
168.228
198.413
182.139
160.358
192.259
180.901
216.294
190.664
201.084
168.148
186.891
187.773
185.892
168.21
209.323
176.136
191.619
191.655
164.707
179.935
191.718
191.682
182.999
186.237
199.055
190.873
202.786
171.787
168.196
175.156
206.279
172.295
180.945
185.33
186.507
190.325
188.558
184.697
188.74
169.978
191.423
187.065
186.398
165.78
171.684
180.792
189.445
169.229
187.663
167.935
169.967
168.928
171.123
190.366
208.813
201.663
175.534
206.532
176.639
187.349
149.726
197.473
179.865
169.18
191.171
192.07
183.492
163.872
175.352
174.22
179.665
192.351
182.56
181.76
189.113
182.857
174.82
187.816
167.119
179.724
202.036
189.083
198.621
201.256
182.089
207.263
175.515
182.27
153.549
186.186
168.003
183.764
195.842
185.009
146.382
182.206
190.014
170.15
167.738
178.158
188.535
181.479
150.007
190.477
195.855
181.826
177.347
181.56
152.176
180.05
170.978
185.759
169.928
172.443
184.306
183.4
186.033
202.15
198.472
183.315
172.442
181.424
183.456
170.663
174.49
185.866
188.969
182.07
192.069
198.973
204.2
183.684
187.203
187.743
187.426
169.548
181.76
189.9
191.047
156.457
171.396
176.825
214.363
170.607
195.834
174.89
176.277
211.012
173.6
174.723
195.275
182.734
189.672
183.083
187.22
184.061
174.565
175.9
167.731
189.019
165.351
163.198
195.522
177.225
196.801
168.815
181.77
179.91
169.779
189.853
188.513
164.527
180.389
191.91
177.391
197.489
179.679
187.932
159.95
183.36
170.017
179.77
176.096
160.359
194.891
187.179
208.09
181.669
169.811
183.945
190.023
154.639
180.806
178.631
190.201
203.082
172.576
197.112
169.095
168.374
197.713
151.788
193.914
182.742
172.858
190.882
194.203
190.892
189.631
176.683
209.411
190.215
186.19
171.144
197.808
198.417
182.366
182.216
166.017
185.581
176.369
175.327
191.93
185.521
193.045
169.163
194.223
167.366
179.138
185.693
185.832
178.072
185.701
175.164
174.942
180.568
173.533
189.024
192.153
172.394
168.193
166.516
166.446
190.604
173.351
202.406
218.32
159.285
173.01
156.889
202.457
172.771
197.119
162.573
205.77
181.09
173.567
182.232
213.641
178.761
191.888
187.611
169.482
155.276
184.663
172.557
203.202
159.262
181.182
171.256
182.235
156.818
160.428
171.225
192.844
196.285
199.956
185.115
175.212
177.711
164.709
171.81
173.51
186.338
180.898
170.457
179.392
184.699
191.061
181.046
184.968
200.296
170.953
186.413
189.345
183.109
178.383
177.045
184.797
176.845
181.848
199.716
192.225
184.573
182.01
160.797
186.86
184.563
178.388
197.184
174.859
178.036
178.991
175.021
200.099
169.809
176.419
184.786
180.341
182.228
161.063
194.055
178.498
198.44
161.629
166.284
174.888
191.269
182.724
195.012
173.416
191.878
169.774
171.428
174.525
180.176
192.824
199.264
169.42
178.788
164.755
150.702
181.319
218.444
174.194
174.329
195.324
180.705
187.689
188.63
168.877
195.621
200.667
119.915
196.526
195.209
191.688
173.122
205.273
196.462
168.82
176.015
200.487
177.054
186.138
190.506
193.97
186.666
201.298
166.876
180.273
194.846
169.552
185.845
192.677
171.991
198.485
166.877
180.704
195.46
180.73
192.299
188.493
184.254
164.323
211.944
184.034
177.121
197.697
199.678
158.201
188.473
174.988
174.123
171.325
195.493
211.779
174.579
177.363
198.25
192.381
194.812
183.625
166.978
161.43
188.113
191.845
182.679
199.701
179.543
178.047
189.606
178.287
187.698
175.447
179.48
156.111
218.186
151.094
194.593
194.142
170.299
179.571
178.003
189.23
176.056
170.081
181.131
197.072
190.515
181.759
204.347
166.694
158.631
187.341
194.179
166.261
170.075
183.166
195.999
190.854
198.003
194.068
205.308
166.266
205.042
177.424
176.984
165.419
185.253
195.458
200.084
183.334
177.874
175.7
194.776
192.85
171.984
160.582
189.17
178.142
175.918
195.183
195.63
171.102
170.446
188.821
181.241
180.385
189.191
186.345
182.366
194.517
188.752
186.384
175.518
171.616
185.992
185.575
189.495
195.989
187.763
168.407
181.963
174.26
178.557
196.093
179.406
197.208
176.839
178.901
173.603
182.18
176.806
166.39
166.028
154.911
176.26
166.769
155.845
164.708
195.906
179.933
186.928
167.071
189.592
178.698
170.379
167.793
179.733
167.171
156.469
184.956
203.134
195.06
196.528
174.885
147.6
164.891
171.737
170.165
180.372
193.56
168.036
178.002
188.173
181.74
172.723
192.672
217.756
188.584
182.328
182.977
165.066
184.625
186.313
158.348
210.56
162.969
184.425
168.532
194.95
188.721
179.074
195.448
179.872
148.005
182.505
189.616
177.232
167.031
208.183
173.694
181.392
183.393
193.211
158.718
200.392
162.336
160.222
201.155
162.946
196.847
189.044
173.285
178.317
159.827
178.606
178.564
169.835
185.12
173.189
162.449
182.838
184.309
170.469
185.214
185.81
196.465
184.586
187.726
177.603
201.8
182.36
184.037
200.425
173.645
178.874
203.666
166.291
188.099
181.339
194.011
192.949
169.987
182.574
194.471
188.455
167.15
182.444
182.394
196.69
189.434
179.037
172.773
161.087
183.636
186.457
192.263
180.029
167.956
171.369
185.598
175.038
168.286
171.213
186.608
188.468
176.915
171.132
171.079
164.334
180.893
182.228
191.519
183.53
189.568
190.824
169.922
192.647
199.897
179.695
168.261
164.002
175.125
169.809
169.133
163.253
179.333
188.592
192.561
166.816
195.751
161.185
188.267
199.059
149.297
192.732
165.117
165.149
168.329
180.268
161.279
167.542
188.228
181.438
169.098
166.691
192.044
177.415
157.543
182.637
183.621
191.288
194.13
160.649
175.628
197.317
153.403
193.264
191.012
175.468
178.721
175.551
161.472
182.663
183.985
190.644
193.764
181.138
205.685
209.251
183.256
166.361
149.936
200.543
173.039
173.498
164.251
174.549
185.577
184.804
190.395
184.101
152.704
187.75
187.696
183.33
171.789
172.065
174.064
196.261
191.122
176.184
188.863
181.619
181.236
178.266
165.946
172.982
173.767
173.536
199.44
173.203
182.139
175.31
189.305
176.959
185.326
168.446
185.721
180.338
178.186
152.951
188.321
177.312
181.393
185.716
188.035
158.843
171.567
191.729
181.013
171.769
164.154
167.718
181.371
177.981
171.724
186.906
181.358
167.583
180.453
160.528
144.856
185.671
146.916
169.316
192.658
164.704
163.509
155.745
157.691
173.585
174.996
178.723
187.186
155.765
187.118
193.099
208.972
181.987
180.199
194.684
176.814
186.487
196.4
189.074
158.955
181.204
171.302
170.064
177.762
188.815
197.838
177.458
194.272
176.192
193.089
170.165
172.234
205.58
196.047
187.804
178.77
183.293
180.81
167.965
151.048
173.766
201.71
175.834
192.558
173.729
177.371
172.68
188.404
185.826
186.445
185.129
164.753
196.364
190.261
183.967
199.482
191.697
183.417
173.656
196.664
161.66
183.213
181.127
173.695
157.098
175.079
167.871
208.881
193.835
166.658
177.582
167.798
197.159
170.779
177.78
183.741
158.194
188.136
168.449
178.639
178.594
191.12
190.807
193.434
171.681
189.036
192.819
168.672
164.811
169.261
162.72
196.581
166.232
173.346
169.979
184.547
174.979
190.648
169.449
168.559
200.741
171.331
189.04
185.224
169.725
175.325
190.256
159.133
179.672
166.454
180.71
155.183
183.785
191.252
213.243
190.171
205.595
189.331
186.683
154.888
171.898
179.236
179.806
210.676
197.625
180.263
169.362
172.573
179.175
171.19
184.088
191.761
170.178
191.682
173.364
169.475
193.199
170.97
192.347
190.863
194.081
187.065
171.882
168.293
171.887
174.244
168.625
181.315
167.655
202.914
200.068
183.009
175.893
166.304
168.868
177.893
196.608
190.491
166.026
173.086
180.035
193.016
161.276
184.963
183.771
187.667
174.042
192.718
176.689
177.881
174.874
196.669
187.508
173.379
209.554
177.785
172.783
177.147
174.628
186.16
173.884
176.776
196.113
178.845
205.585
188.971
198.823
165.266
174.864
175.849
211.714
167.938
171.063
178.077
180.97
172.305
185.973
194.294
196.956
187.775
202.141
183.504
199.554
170.696
202.091
192.061
202.624
185.401
170.088
202.845
176.236
192.599
191.344
169.213
168.757
186.211
168.227
180.725
173.923
178.419
187.317
175.745
178.852
190.776
193.575
154.074
187.982
184.652
167.45
172.869
186.614
159.183
193.644
194.302
190.441
188.651
204.082
147.566
192.315
203.96
170.533
198.926
162.424
177.339
202.005
174.337
168.006
183.606
189.049
197.845
149.348
170.597
192.484
178.805
198.938
191.748
181.023
172.771
183.544
184.195
185.242
195.052
178.134
160.524
188.809
180.856
172.896
174.762
171.267
192.831
210.908
178.943
203.902
185.293
180.363
185.821
179.33
165.178
177.618
179.99
168.82
165.059
176.584
204.945
165.038
170.99
192.722
176.585
175.058
162.942
184.821
169.75
171.403
178.626
197.975
181.115
202.163
175.006
189.036
181.559
172.432
169.284
187.732
158.815
174.025
164.91
177.253
170.455
176.781
181.289
176.548
171.699
169.715
179.769
195.924
149.993
175.49
179.038
181.64
172.339
173.035
167.55
178.32
183.908
194.082
179.815
199.863
160.571
161.662
198.914
197.05
170.928
175.172
166.279
199.307
203.007
180.566
169.198
185.819
177.468
169.949
195.163
208.237
185.606
208.647
169.759
166.969
173.859
169.31
176.142
178.903
197.027
172.425
167.667
176.778
193.902
178.773
167.27
167.346
178.189
167.007
187.798
180.979
166.512
166.206
212.618
189.138
169.293
192.838
200.719
175.104
177.35
172.116
176.188
182.429
219.938
178.274
194.212
189.739
186.06
181.455
162.553
182.803
183.254
154.713
182.54
173.536
199.345
170.756
196.207
173.488
184.552
184.142
170.066
189.563
191.255
163.666
172.825
197.857
162.382
180.415
187.058
166.449
176.219
180.573
162.809
187.444
157.434
169.98
171.222
162.933
192.329
172.411
178.486
183.065
203.56
196.446
159.333
170.589
162.962
196.497
186.638
172.365
156.324
171.921
186.632
199.952
179.026
179.219
196.458
193.553
190.399
164.255
176.504
195.723
186.676
184.094
144.607
176.29
191.945
172.551
160.497
176.113
185.043
184.306
146.919
171.97
201.37
183.551
169.351
192.434
217.851
187.552
172.94
188.282
203.991
170.068
176.78
183.188
148.196
191.335
169.075
180.455
155.284
184.8
200.563
173.831
184.243
173.878
166.894
173.123
200.339
169.477
187.241
193.635
203.012
164.403
174.051
190.5
186.598
183.898
165.452
186.288
188.584
197.581
196.323
173.862
160.964
185.897
164.652
175.414
186.652
181.552
202.329
172.989
191.605
178.153
190.411
169.267
172.174
192.097
172.537
201.017
190.606
176.721
103.338
186.18
206.088
163.799
171.193
187.999
191.422
175.104
171.789
156.267
192.98
162.833
191.682
179.591
180.236
163.553
182.088
185.35
155.464
205.124
190.029
186.587
177.739
196.858
164.785
176.5
198.238
192.877
142.915
160.427
175.699
174.956
189.555
192.935
184.32
182.92
191.692
202.818
185.897
182.932
180.693
175.206
176.995
190.863
201.783
161.267
204.3
179.415
182.81
187.994
190.538
196.882
174.627
208.218
179.347
200.212
178.402
183.596
184.748
145.643
184.431
189.247
173.106
197.581
166.583
170.61
181.198
203.711
174.9
183.19
184.476
181.755
179.074
159.159
198.334
167.6
166.969
174.024
163.182
187.92
188.702
187.898
213.427
178.08
198.913
174.97
174.394
178.74
223.088
158.42
203.263
176.397
186.64
186.844
191.78
155.447
214.501
204.2
168.417
197.72
198.354
188.915
190.538
171.658
200.16
180.675
187.031
189.656
155.175
164.365
169.825
174.571
173.651
155.459
186.246
191.649
200.208
165.622
213.572
162.42
182.644
197.236
188.448
186.837
172.848
177.033
170.889
172.12
195.274
186.98
191.733
196.066
179.818
195.023
181.859
175.179
177.555
208.098
196.447
156.034
172.941
180.16
178.755
175.833
174.926
203.158
146.295
190.008
181.374
185.502
198.185
168.466
164.777
173.139
181.055
199.901
203.674
172.477
172.245
173.759
191.504
166.224
179.602
163.06
181.616
176.064
181.482
155.215
200.775
178.015
189.048
186.312
172.453
191.581
173.262
169.784
182.963
181.78
172.785
173.572
208.135
214.856
190.957
177.769
187.544
165.932
173.611
195.149
168.819
158.883
189.896
168.707
178.146
190.421
170.516
169.867
185.635
191.768
193.39
169.336
169.009
163.858
191.994
185.664
154.935
162.94
203.688
176.171
192.826
208.727
186.274
177.65
175.317
194.772
169.889
164.695
198.657
164.427
174.168
178.383
187.67
183.999
168.351
182.295
173.093
189.144
198.684
169.645
196.421
166.176
196.286
190.218
205.18
190.05
162.178
178.992
187.694
147.065
171.631
199.977
182.942
178.199
180.014
184.485
178.919
178.957
179.267
194.412
169.784
166.624
201.984
179.313
163.472
188.774
203.446
204.347
192.062
180.21
178.908
172.438
157.0
187.502
193.291
181.703
191.323
187.378
184.54
188.491
158.655
184.229
185.651
184.776
176.859
180.14
198.875
172.197
165.53
172.557
193.573
200.518
183.605
173.855
165.427
188.021
172.008
182.343
181.287
171.815
201.497
197.026
173.099
189.966
189.629
190.057
193.408
187.931
188.058
183.463
165.012
162.419
188.732
197.362
165.876
155.603
193.089
163.53
183.535
162.045
193.153
169.045
184.929
180.028
184.224
185.96
189.671
190.732
179.53
187.008
167.5
166.745
208.264
201.3
173.783
212.582
173.703
168.625
205.111
196.402
191.981
170.254
176.413
178.413
178.509
196.201
166.253
179.155
194.904
190.926
184.616
178.591
161.767
199.522
189.943
173.094
169.47
188.543
178.0
195.779
194.375
185.144
184.971
176.157
184.077
191.316
163.196
200.897
173.224
184.125
210.374
178.043
191.978
175.776
167.656
171.864
158.036
192.503
192.698
187.037
189.714
193.549
167.308
196.958
167.185
195.043
173.064
175.241
193.143
202.307
188.752
163.671
172.194
171.176
175.724
159.976
197.283
184.072
184.482
180.622
181.032
182.481
174.829
164.904
181.163
190.083
179.303
166.118
184.022
174.104
203.69
194.363
176.592
191.146
183.407
167.14
169.488
164.58
208.187
166.678
178.217
182.309
191.016
196.595
198.572
163.82
180.005
179.404
154.836
184.039
183.491
200.476
172.721
199.114
211.083
161.669
167.184
194.558
215.457
185.807
194.357
193.693
176.054
170.113
197.737
196.716
189.973
182.644
165.67
168.335
191.72
174.095
189.669
211.793
205.252
171.016
171.078
178.366
181.043
167.223
173.189
182.181
180.027
179.311
165.861
222.639
183.542
167.396
178.171
153.705
186.245
176.855
167.878
177.721
185.798
220.877
182.535
191.122
161.007
167.877
146.67
183.78
202.939
169.302
200.528
202.68
188.0
178.488
174.51
159.118
188.029
155.156
157.778
186.958
172.282
165.216
168.051
172.669
188.345
163.577
173.765
162.802
195.109
189.849
176.819
159.335
179.01
186.553
192.798
197.114
203.044
216.674
179.531
197.528
176.242
194.779
183.353
179.476
175.374
210.719
188.72
193.1
172.165
180.81
183.714
173.885
181.797
153.742
164.953
189.736
189.101
176.426
187.529
182.652
177.247
174.265
202.423
170.029
179.946
160.866
137.577
174.436
204.199
183.339
177.217
181.834
177.883
165.071
191.461
185.254
187.021
185.618
193.635
189.413
173.832
182.586
197.93
190.867
208.524
160.753
165.196
165.111
168.491
173.187
183.147
157.534
162.948
177.898
207.947
180.949
173.27
154.811
184.835
178.548
181.037
181.835
206.014
158.615
201.502
202.224
182.995
171.404
172.854
168.592
185.241
167.363
173.249
174.692
190.774
174.853
181.094
169.288
186.322
181.252
204.313
183.951
180.753
177.935
165.376
194.474
159.862
197.771
173.453
180.157
167.415
180.307
199.08
202.845
180.388
167.054
193.209
172.618
197.634
193.244
174.696
179.154
162.756
181.312
183.859
173.573
184.407
172.234
181.003
196.39
184.574
197.127
201.22
190.449
187.807
167.539
154.263
189.637
163.848
181.122
180.679
197.834
210.17
184.371
196.029
189.775
166.347
174.49
167.819
177.358
178.887
193.432
186.598
180.078
173.868
179.136
187.175
156.679
193.273
192.233
196.353
184.289
184.404
172.342
187.485
163.341
177.367
179.181
181.285
183.639
177.3
148.259
180.925
192.052
197.414
192.35
173.101
173.553
170.003
180.985
165.544
186.214
168.937
187.244
171.187
170.963
185.408
163.439
197.697
201.478
169.547
185.815
194.803
196.625
186.717
172.962
182.134
181.151
156.31
178.537
178.087
170.021
173.301
169.601
158.524
178.048
183.362
188.332
162.973
161.779
178.687
164.198
169.804
188.597
203.394
165.675
196.702
181.065
180.651
178.347
172.036
196.254
175.04
175.306
166.964
180.096
194.211
170.764
186.429
192.249
168.077
179.002
175.432
161.166
180.355
198.0
166.172
175.279
179.982
162.736
174.269
186.528
198.582
170.146
187.578
165.536
183.013
180.562
160.989
175.189
193.622
179.8
190.558
195.913
166.067
181.357
183.104
206.831
179.192
179.507
190.303
196.82
183.051
189.039
160.777
193.655
164.991
194.372
193.702
164.894
192.215
178.253
195.346
187.686
174.895
165.951
165.503
194.244
189.367
169.254
184.751
198.794
153.327
179.681
149.002
179.292
174.317
183.716
189.304
173.477
184.948
174.375
158.257
173.059
161.63
179.811
188.187
170.886
208.76
183.493
187.655
208.245
110.961
196.11
174.964
196.77
184.082
191.975
180.819
183.719
192.163
183.869
169.872
181.177
189.936
189.8
192.316
183.687
178.613
174.182
161.753
173.519
194.177
170.724
172.936
164.155
171.966
195.598
203.64
177.048
194.952
170.351
172.353
164.864
168.323
180.462
171.253
208.931
196.488
145.615
200.233
191.356
186.881
179.319
174.289
164.276
200.568
180.945
180.83
164.538
180.305
180.083
178.706
170.694
178.353
171.022
199.76
197.575
180.508
177.771
184.025
185.127
185.777
189.046
225.002
193.301
160.696
180.121
168.135
158.059
158.82
184.163
157.218
176.222
165.982
189.331
170.701
162.029
185.009
171.061
186.825
179.382
165.37
180.01
157.949
178.47
180.556
171.575
165.868
193.038
156.564
160.518
194.86
103.874
187.231
179.879
187.816
201.958
169.953
190.931
176.59
182.685
190.958
195.759
168.413
188.925
171.883
159.174
197.323
184.732
179.835
166.239
221.525
162.602
150.264
193.184
173.848
180.352
165.108
194.566
157.56
187.406
168.507
209.66
157.926
176.75
154.263
177.407
171.642
190.094
167.619
179.686
187.665
184.7
185.177
207.081
212.148
163.974
176.039
187.573
184.521
168.071
182.966
179.668
168.852
176.38
187.728
171.866
171.566
204.134
159.748
181.49
175.617
169.438
184.507
196.587
184.623
178.017
159.014
182.348
184.258
188.116
171.868
191.654
191.166
201.988
172.753
208.082
177.403
179.808
178.511
214.376
164.161
187.253
194.912
193.336
192.837
164.143
182.821
192.408
173.741
176.94
184.743
194.038
178.131
173.299
186.084
177.097
172.546
175.126
202.756
185.352
170.215
167.225
149.034
168.738
203.499
171.429
187.909
180.93
178.942
175.873
147.541
168.126
164.943
162.814
169.451
180.662
174.221
164.346
188.22
153.87
169.5
202.548
177.221
193.184
199.537
176.32
185.728
185.757
178.357
165.906
193.199
157.391
214.109
169.135
178.398
154.5
187.177
170.378
206.798
188.837
202.033
174.77
152.148
197.806
192.256
212.412
196.004
174.799
191.723
186.559
189.451
178.232
195.567
177.643
178.407
161.882
182.919
185.277
181.94
187.111
197.877
174.362
165.958
170.632
201.623
182.036
160.144
185.364
201.953
165.981
181.943
207.953
187.142
168.311
173.892
171.919
188.021
184.876
173.181
172.08
197.113
183.586
177.611
163.424
193.287
186.671
141.331
168.015
156.478
166.324
209.674
171.301
169.108
173.589
162.542
198.234
175.394
149.864
197.784
171.342
178.68
166.637
181.881
168.787
190.742
171.007
188.455
178.014
173.131
166.75
188.928
165.144
173.161
166.534
196.117
186.392
198.069
188.886
178.881
170.101
192.201
177.657
191.542
156.187
191.982
178.859
185.923
158.232
176.376
187.319
167.705
166.536
187.706
186.991
162.666
190.62
192.199
183.176
185.843
177.664
193.889
161.999
184.869
202.18
182.129
151.282
168.177
173.271
187.982
196.596
181.698
190.182
197.947
183.913
193.581
177.731
195.237
191.418
144.978
178.122
177.463
197.184
193.679
153.474
121.376
199.658
170.417
199.603
179.71
184.299
184.835
211.288
170.343
197.132
164.712
173.728
176.686
174.099
198.534
189.363
210.673
188.82
181.379
185.858
197.426
164.896
188.852
183.221
179.08
181.723
177.026
170.099
219.002
204.266
176.929
187.91
192.586
163.718
208.561
168.167
194.72
57.4471
183.301
188.533
196.73
204.682
205.469
174.896
180.157
186.467
184.322
175.899
188.648
199.356
182.849
178.549
165.357
175.045
187.14
188.123
176.549
185.934
201.194
184.776
178.277
195.08
160.731
170.994
201.91
193.583
185.683
196.741
199.969
148.435
196.568
181.597
176.374
160.053
192.653
195.805
175.249
184.732
186.85
183.821
173.478
200.245
189.644
182.705
196.232
187.092
175.782
180.676
208.512
173.667
161.822
179.598
202.319
195.412
188.932
178.547
156.775
174.379
156.729
164.737
192.459
201.96
173.664
180.167
184.196
155.23
149.094
176.041
184.167
202.479
162.458
192.081
176.902
174.611
181.194
182.602
185.566
173.789
161.067
196.16
174.577
176.524
178.05
189.022
169.265
157.197
188.1
198.136
185.092
183.447
155.768
179.143
189.548
204.957
169.63
181.211
181.455
161.183
199.062
199.654
171.985
195.069
187.089
171.097
193.027
195.626
183.584
185.343
173.183
163.975
177.781
190.588
182.603
171.473
187.383
184.372
165.682
171.03
196.403
194.421
167.111
193.13
188.327
175.972
174.577
187.311
193.085
197.532
178.354
182.901
219.14
185.89
187.501
174.821
183.867
163.419
183.825
171.076
170.324
181.331
189.719
182.145
170.146
200.295
178.248
187.535
178.355
180.088
172.734
197.211
177.863
169.904
169.239
195.944
172.053
182.919
186.043
172.689
174.949
162.809
159.722
190.0
178.327
177.631
163.44
189.938
165.072
164.972
188.381
209.153
164.112
185.009
162.835
190.75
177.637
172.046
192.291
179.053
199.953
195.837
177.883
175.342
171.806
196.949
171.549
195.017
195.9
123.924
207.286
183.037
202.458
200.949
191.375
194.585
183.509
204.13
183.657
201.511
181.925
187.756
173.077
157.039
176.454
189.213
184.592
176.874
197.483
169.08
192.768
165.141
183.789
166.459
190.296
184.47
197.777
185.101
178.316
180.892
179.393
175.221
183.534
178.577
160.761
180.587
187.871
169.853
171.202
169.077
182.728
167.09
182.027
200.3
170.663
166.878
165.436
195.863
205.424
171.473
181.851
206.299
188.885
195.199
163.248
181.454
167.548
195.749
160.499
185.374
213.99
177.829
190.599
186.571
164.406
177.605
186.671
166.487
174.212
192.085
209.984
198.788
200.777
187.653
178.038
172.456
185.562
164.142
179.226
194.11
164.124
182.028
210.073
189.724
191.507
173.264
191.564
185.068
185.935
188.507
207.62
189.997
206.371
189.751
174.705
180.326
162.799
153.868
186.806
190.777
215.148
176.097
200.493
172.937
158.325
199.463
162.584
183.306
174.311
182.098
183.296
172.554
166.305
170.461
160.184
180.566
159.777
178.762
173.351
189.439
164.565
183.116
163.817
174.407
187.642
169.431
184.191
194.416
182.011
176.464
192.912
172.21
194.68
163.879
160.697
192.626
186.098
188.346
179.867
183.044
199.846
182.579
191.308
196.133
182.952
172.635
185.566
196.952
177.773
196.72
190.105
173.342
180.925
186.744
192.577
175.593
188.928
175.224
175.29
178.379
175.187
183.07
216.317
173.032
170.981
173.657
172.946
192.972
196.419
171.696
185.498
187.0
172.471
175.692
142.589
216.036
195.294
204.03
188.167
170.968
212.087
162.795
168.19
189.771
178.264
173.775
187.123
169.943
164.94
160.935
166.372
236.551
173.73
183.644
202.766
154.687
185.192
187.021
186.373
164.805
203.362
177.913
191.702
183.206
180.372
171.744
210.06
167.137
197.894
197.967
176.126
208.134
154.698
171.871
206.779
190.286
186.949
174.597
188.923
160.591
173.67
190.814
180.011
108.194
193.692
175.62
175.326
185.063
177.796
186.548
184.556
150.273
198.124
173.487
187.179
196.578
189.168
166.362
188.515
193.533
169.798
203.443
199.577
155.276
182.717
177.871
188.191
182.909
181.535
174.285
188.001
181.2
181.074
182.761
168.697
184.346
174.383
191.067
169.682
209.129
195.029
162.487
173.74
195.895
182.585
197.455
184.789
209.886
190.77
197.373
177.85
170.93
169.63
213.301
163.362
154.739
164.643
199.176
190.293
169.061
172.519
182.127
178.714
166.771
163.738
167.787
178.74
163.527
195.378
191.121
175.219
182.416
184.498
192.13
178.906
144.733
186.925
188.988
186.658
212.668
181.825
180.682
156.568
178.298
174.555
176.879
160.576
192.326
168.517
187.156
187.804
173.564
201.852
179.677
196.329
153.863
184.428
187.505
191.265
170.203
186.781
185.872
174.13
166.984
193.297
186.823
148.921
180.088
179.918
140.434
194.463
184.127
180.488
183.189
216.539
183.979
188.64
169.088
188.0
199.84
174.711
170.739
169.169
179.93
175.996
187.329
175.579
172.295
187.601
170.07
172.931
197.244
185.11
181.618
189.274
172.916
180.246
156.091
167.333
180.059
189.671
194.353
187.968
173.486
173.68
205.419
172.342
182.306
188.73
184.62
188.277
184.616
184.326
193.814
183.276
153.654
208.039
181.364
203.927
204.545
164.264
181.308
181.18
147.725
186.853
182.17
201.361
159.046
193.518
171.84
183.682
174.032
186.335
181.588
171.896
191.631
178.572
150.487
182.572
210.512
184.005
152.913
184.34
192.657
172.18
159.68
162.498
193.164
201.891
190.025
182.104
183.285
186.641
188.733
173.166
176.854
160.301
162.085
174.05
184.281
172.496
208.718
181.247
177.798
185.283
169.055
170.937
208.207
162.326
194.843
175.543
175.555
186.343
165.165
187.265
184.115
182.519
178.235
176.406
168.183
165.749
172.507
166.971
180.935
179.816
195.1
175.023
193.464
178.422
191.193
194.282
192.625
192.246
182.684
176.57
182.704
206.065
205.073
173.488
184.15
184.248
178.752
172.007
172.562
179.786
193.184
197.254
181.723
200.684
184.182
172.361
174.957
184.827
194.252
182.477
164.632
193.773
162.594
183.929
167.446
189.44
173.169
200.166
186.231
185.827
169.154
179.546
177.477
200.24
186.353
192.969
159.961
189.298
166.87
179.412
155.698
176.458
203.594
188.954
171.502
192.465
186.392
174.548
186.471
188.335
163.955
167.078
193.841
165.217
171.089
187.496
203.269
172.766
167.732
182.603
204.427
185.939
185.05
175.518
176.882
201.81
186.451
180.427
183.923
187.738
182.352
186.627
170.706
191.244
167.522
176.793
181.811
167.447
174.371
176.195
201.711
180.59
175.09
148.822
162.163
186.412
182.807
193.612
188.33
157.173
168.618
175.172
146.292
157.424
180.101
181.053
196.259
188.351
161.442
177.557
176.126
174.812
176.135
187.329
184.066
171.988
179.749
191.805
205.808
182.127
176.139
199.624
192.412
167.006
169.705
184.26
198.172
167.055
178.677
164.502
182.395
188.75
186.957
180.238
191.939
181.103
192.281
188.524
170.059
167.427
190.544
169.018
185.154
184.663
176.662
163.58
180.102
182.846
169.776
169.476
192.31
186.529
183.631
182.251
167.559
182.416
181.426
155.392
154.878
163.183
153.907
154.392
162.916
199.974
178.041
186.18
164.182
198.477
190.187
182.208
172.655
186.177
166.506
191.971
172.955
184.387
195.624
168.967
191.794
171.951
163.648
177.75
157.52
185.821
182.06
180.381
168.017
206.725
184.245
205.005
182.649
172.334
193.347
179.467
206.732
203.102
182.33
166.857
189.681
174.872
172.213
219.3
167.207
188.952
169.863
187.137
166.871
162.253
186.64
183.593
175.52
183.322
170.568
192.727
159.955
183.535
197.521
197.893
156.842
200.317
165.327
193.621
196.123
177.491
163.048
186.529
180.032
156.824
177.975
173.385
180.85
169.878
174.823
204.636
171.198
195.954
182.225
176.396
153.761
177.469
189.031
170.859
199.062
198.755
203.844
197.944
185.533
165.717
190.817
187.644
189.325
189.888
170.504
169.426
188.363
169.96
200.872
151.153
166.775
170.052
190.091
190.58
184.149
215.736
198.119
172.764
151.738
182.592
184.663
190.192
165.208
188.382
204.601
196.248
180.032
155.063
188.449
177.523
193.448
184.569
200.612
188.127
188.527
173.738
188.462
190.598
172.344
207.995
187.544
174.123
187.749
179.834
168.296
198.817
221.201
171.384
170.987
188.0
164.891
190.25
183.488
181.276
190.491
168.868
176.277
216.479
161.158
162.043
187.446
191.04
163.667
192.515
181.972
187.01
174.228
185.08
164.792
146.491
178.785
188.501
172.854
187.063
179.53
178.554
173.344
187.119
169.398
170.716
165.013
186.712
164.07
191.632
181.948
166.522
193.722
170.632
179.727
181.582
179.62
177.732
160.534
157.805
178.202
187.214
168.693
171.479
189.254
199.685
189.717
195.283
184.282
162.162
165.489
178.645
188.95
195.106
181.898
180.877
188.689
208.317
178.739
183.91
171.168
175.693
157.948
193.129
201.385
187.74
173.27
183.724
194.252
174.486
166.55
188.117
180.925
156.738
182.417
195.829
187.043
190.917
183.628
180.367
210.167
190.161
180.527
190.968
183.277
163.164
213.016
154.536
185.918
186.674
186.473
171.533
189.178
183.657
170.453
189.855
192.562
203.86
205.072
190.84
180.27
186.413
182.93
155.917
208.075
172.513
202.308
172.946
202.123
191.915
192.171
166.352
186.13
180.942
177.025
182.219
178.586
178.842
175.804
163.707
157.521
180.296
175.565
175.737
195.201
178.27
185.878
169.923
181.976
179.871
166.564
166.537
165.96
234.138
159.856
165.512
172.804
177.098
193.57
160.071
178.065
191.841
212.227
180.705
214.955
205.554
186.669
179.027
176.509
200.194
179.401
180.209
179.341
179.798
206.088
175.334
190.307
193.037
175.27
194.428
156.217
203.588
156.537
183.187
162.252
172.537
165.409
178.858
177.509
184.689
166.18
181.981
179.024
176.372
200.105
179.774
170.007
219.723
159.393
168.021
191.715
200.491
193.286
153.44
165.646
204.311
196.548
163.902
184.975
166.501
203.702
160.547
178.84
182.237
171.076
182.92
165.227
199.251
204.535
178.495
174.146
151.113
183.521
180.848
202.124
186.161
168.718
170.545
184.688
163.09
186.615
177.896
166.564
175.733
180.435
175.78
178.546
182.273
197.075
198.654
163.208
178.926
176.824
164.1
182.629
186.63
194.883
222.385
195.438
168.954
174.33
174.838
164.858
186.621
199.042
163.77
170.479
172.028
178.002
166.738
194.215
180.116
182.027
164.67
174.782
164.322
167.955
191.238
188.028
156.903
174.248
186.58
213.824
194.41
166.203
190.959
177.02
158.541
188.914
168.486
193.328
187.355
177.107
176.904
189.387
164.685
172.225
170.181
154.289
194.463
151.588
178.783
202.045
193.356
182.002
179.446
183.275
171.444
176.539
175.485
200.219
172.995
192.357
166.071
146.699
194.591
186.199
194.073
189.418
149.455
184.08
153.996
203.117
202.495
179.694
207.326
192.913
187.065
182.386
181.086
167.832
188.388
186.828
191.836
180.203
165.593
188.283
180.933
184.445
168.792
190.786
171.895
189.763
158.719
172.996
193.62
175.603
180.081
208.063
184.686
191.609
186.19
182.508
158.991
212.178
197.8
165.058
179.878
176.713
170.398
189.174
213.388
186.172
181.467
182.682
170.467
182.483
180.222
180.811
189.445
163.395
178.167
184.1
186.825
193.022
148.024
175.557
174.122
188.999
185.258
155.901
199.346
213.661
185.294
187.114
184.488
181.596
183.204
187.859
197.395
197.01
164.551
188.304
184.824
189.327
204.442
165.625
180.176
159.612
188.969
195.468
155.162
177.079
194.696
196.197
188.189
158.074
176.787
177.586
187.096
180.243
180.471
178.698
170.167
143.47
190.424
173.516
173.799
170.487
179.249
167.331
196.251
175.43
165.832
174.947
169.078
178.04
202.383
152.961
177.06
188.533
168.728
183.021
166.544
187.408
182.884
182.234
171.222
187.323
201.659
186.687
168.413
174.091
191.04
176.079
185.443
180.487
189.372
167.494
199.155
193.859
179.406
166.878
185.798
184.406
187.825
166.657
185.249
189.662
166.86
179.193
176.874
179.715
199.931
189.596
184.35
177.551
179.491
190.168
189.876
179.842
161.994
176.211
183.04
172.356
180.885
168.591
178.386
196.867
185.772
168.111
186.581
159.313
180.167
185.332
190.921
180.463
155.803
149.184
177.242
155.929
176.655
184.439
173.426
177.51
194.618
176.517
201.913
163.366
184.624
209.476
203.822
188.087
186.936
164.308
180.635
180.494
189.751
182.438
190.163
173.632
190.274
160.983
180.435
193.344
197.779
180.37
176.787
186.12
173.407
197.838
154.463
191.509
198.507
180.724
169.628
189.237
182.629
180.805
195.872
197.045
178.217
212.426
177.474
175.234
169.081
167.448
168.155
197.496
181.41
183.561
187.281
203.977
175.063
180.803
185.782
189.589
169.76
190.788
208.26
202.487
155.316
185.917
173.247
176.553
190.264
187.187
207.812
174.498
170.974
158.301
194.923
174.421
176.982
174.054
160.538
159.994
177.412
199.01
185.002
168.063
179.956
181.879
181.236
189.017
172.833
162.478
176.515
166.316
195.62
183.572
171.97
193.42
200.977
192.929
196.136
176.604
202.852
195.863
187.271
169.487
185.637
183.271
182.073
183.018
176.913
182.513
185.376
172.424
159.7
171.758
181.844
209.545
177.355
172.248
163.044
184.53
180.972
172.719
169.797
182.272
185.846
183.201
190.958
185.959
193.096
177.53
198.973
184.021
143.195
161.353
162.612
183.948
199.071
119.054
196.427
195.151
189.913
181.557
196.318
180.998
190.39
205.201
172.43
179.864
142.126
218.777
187.43
181.368
216.091
187.277
184.42
166.343
166.697
191.116
192.235
216.38
217.97
183.393
191.538
177.143
167.293
212.912
187.768
174.473
169.122
183.059
187.277
159.782
183.496
193.708
175.969
196.182
178.771
170.78
184.077
168.982
183.673
164.651
180.018
191.502
163.563
174.587
174.191
168.686
187.041
194.262
182.497
172.278
159.084
169.569
177.305
193.835
198.308
192.933
168.032
173.942
181.331
157.454
193.43
190.06
176.649
176.65
192.63
200.81
169.404
170.028
200.547
175.853
202.208
184.974
170.719
179.225
176.099
194.545
173.764
188.933
208.255
152.835
191.876
176.739
183.447
188.253
186.08
149.081
176.91
195.914
178.968
178.407
189.208
180.414
168.779
190.767
177.763
172.696
174.508
240.266
182.298
175.405
171.517
160.564
177.523
171.064
185.723
210.646
174.725
180.346
165.962
175.223
160.951
161.705
182.641
185.139
179.548
189.652
167.703
194.864
167.204
191.922
155.256
182.452
187.956
174.418
200.459
172.4
167.722
199.039
186.476
158.704
194.751
186.721
177.73
188.42
203.337
201.772
178.028
172.06
195.089
166.431
161.155
169.043
182.304
179.715
189.176
179.755
166.487
204.226
181.163
173.865
192.363
186.378
168.09
171.085
186.213
190.263
159.543
182.814
169.777
186.761
185.387
191.664
171.095
180.353
200.98
156.777
192.979
159.121
180.705
179.636
175.544
166.114
161.151
178.72
171.767
129.491
169.105
195.459
179.352
196.782
189.004
186.91
187.19
157.238
176.238
180.43
170.409
185.843
196.387
177.796
164.857
206.414
185.361
213.534
172.536
158.115
146.644
172.732
161.406
188.294
185.082
180.575
178.191
174.458
181.213
178.182
181.418
178.423
167.857
190.912
163.172
189.733
167.597
159.522
169.11
166.49
174.788
164.437
194.309
179.096
200.065
183.571
188.335
176.168
179.058
179.875
200.722
171.088
194.655
177.284
188.861
187.549
186.63
200.186
183.681
194.267
164.803
170.297
196.16
165.596
172.907
173.765
172.012
173.186
176.742
161.151
173.362
197.144
174.581
187.504
164.892
166.507
173.89
181.4
175.285
177.198
194.629
195.387
180.489
156.989
199.543
158.747
215.428
194.175
176.252
194.278
170.418
190.582
181.223
186.546
193.161
184.412
166.826
164.69
172.61
184.597
187.509
191.809
195.647
163.232
183.044
203.28
174.305
163.28
174.931
191.413
178.563
173.571
174.186
166.663
205.137
190.47
174.423
203.526
170.183
161.726
179.57
175.68
192.044
181.217
175.42
196.772
176.169
210.261
177.188
193.693
196.291
183.791
179.408
180.632
156.938
164.188
176.689
181.31
171.718
179.669
153.223
186.664
175.728
153.949
118.068
168.478
200.012
162.644
174.984
192.26
203.654
182.592
160.917
171.661
197.441
194.07
178.133
179.137
196.0
193.006
169.602
172.075
172.647
183.414
177.23
166.976
175.023
180.457
181.839
200.246
182.741
178.55
176.647
179.326
194.168
177.835
203.669
172.271
177.252
178.671
210.507
193.783
188.464
184.388
181.861
183.759
195.791
184.172
182.764
188.572
176.105
164.248
174.695
179.798
181.767
195.863
201.114
177.612
183.165
181.084
188.202
183.681
164.629
196.333
179.015
184.518
190.874
196.086
173.625
167.767
184.672
186.016
174.607
202.712
195.362
184.273
190.787
177.271
184.868
186.208
187.546
180.722
189.91
143.753
179.347
201.381
175.891
153.708
178.822
175.864
179.269
170.411
184.17
186.103
172.179
191.544
174.99
191.528
178.673
185.633
175.745
169.283
164.607
183.524
162.893
190.071
183.509
165.111
181.277
179.476
186.088
187.958
176.779
167.714
193.732
174.969
159.022
139.72
176.728
177.993
171.781
178.906
200.034
184.691
169.074
167.539
189.676
197.67
177.515
177.611
188.709
196.215
183.542
184.869
171.054
178.446
178.588
212.872
199.259
173.797
163.14
181.982
173.619
196.251
176.318
173.582
174.305
188.287
181.068
171.91
201.86
193.479
179.622
176.307
192.859
162.323
176.013
165.089
195.788
163.772
195.346
158.197
187.782
160.655
156.651
185.34
186.578
197.363
183.959
156.217
176.408
173.338
179.773
177.998
184.602
173.697
177.098
163.44
193.454
177.563
177.313
178.646
175.789
204.444
169.194
196.807
192.036
174.727
195.393
190.319
186.66
180.164
174.702
164.082
170.1
191.529
206.118
174.001
194.007
194.115
188.938
181.416
169.874
173.624
177.356
170.911
167.823
166.497
163.425
170.096
157.187
199.223
155.258
193.041
188.39
193.617
183.123
192.755
154.992
193.6
202.33
167.199
182.727
183.064
181.761
194.52
185.493
168.485
198.015
196.523
165.274
190.375
170.271
170.209
195.717
179.533
187.086
178.6
188.666
185.492
185.522
177.812
186.757
201.654
190.252
183.814
192.087
190.757
185.927
157.436
187.375
186.364
189.215
195.569
185.738
196.038
181.016
167.679
170.31
157.764
187.279
173.136
164.838
187.781
162.199
192.207
207.769
188.529
173.646
209.473
156.727
180.61
172.425
182.982
178.797
185.001
181.151
181.611
188.911
186.996
184.654
200.814
172.257
170.778
169.786
177.616
201.588
154.925
195.885
196.275
191.866
195.116
175.394
195.864
181.584
176.046
205.932
192.908
157.593
199.904
162.833
177.569
189.555
163.356
184.023
187.269
172.343
165.668
176.526
216.127
205.997
165.509
176.051
180.14
176.699
188.54
181.217
173.33
189.329
185.071
205.91
188.229
184.212
172.595
187.088
168.54
189.548
178.931
160.86
174.51
174.233
191.346
177.25
178.724
198.129
180.29
176.362
171.675
180.591
174.097
172.727
171.236
195.148
177.122
185.168
158.015
182.549
202.435
178.698
173.708
202.463
201.968
194.751
184.099
187.309
163.115
194.66
173.284
178.553
176.931
195.034
171.061
179.91
147.431
168.888
172.334
123.798
195.322
148.777
181.568
175.075
183.248
156.592
188.053
169.326
183.183
168.749
181.532
195.612
193.244
207.657
181.627
179.371
174.483
197.473
207.018
194.333
183.803
182.338
192.442
176.962
196.32
164.924
188.676
186.986
173.697
185.979
187.515
169.954
177.331
210.278
211.204
173.424
197.332
177.26
198.607
186.973
162.165
193.176
201.416
187.375
167.73
176.515
163.826
171.32
171.885
175.68
192.296
176.238
167.602
165.96
182.335
172.379
181.199
179.829
183.095
165.886
151.14
176.081
172.724
169.675
228.553
173.38
190.36
181.229
189.596
182.125
187.872
191.749
190.442
185.269
190.985
210.701
198.412
188.601
179.239
189.664
170.081
178.879
194.626
173.937
172.498
200.682
170.754
168.627
203.054
195.165
174.6
196.853
192.045
161.682
199.565
178.891
189.916
188.598
207.745
175.695
178.053
189.732
162.023
178.988
178.657
181.781
146.672
174.849
207.179
185.281
175.156
177.049
167.759
211.797
201.342
210.316
165.226
178.99
176.871
176.634
192.396
184.646
182.236
178.984
168.611
166.668
185.526
210.403
176.418
230.006
202.898
184.795
176.453
180.089
162.547
183.929
204.691
187.63
188.558
176.386
187.146
174.025
199.653
180.1
205.842
205.988
213.571
180.639
204.42
173.449
164.542
172.543
194.656
160.952
182.657
169.854
191.367
187.679
185.895
156.67
169.479
188.471
173.652
185.566
198.338
193.59
168.44
171.855
175.758
176.667
153.116
186.131
201.983
201.945
182.118
184.882
184.382
210.751
210.053
161.415
214.605
186.781
182.867
166.218
191.234
173.678
171.998
202.156
199.926
171.093
188.161
183.455
199.575
195.962
195.442
191.677
161.824
188.058
190.122
193.965
165.099
161.739
190.445
175.057
175.407
181.106
171.402
186.13
189.4
187.482
170.32
190.445
176.629
184.563
166.64
192.766
201.815
183.393
182.874
172.74
159.928
188.367
182.266
169.06
198.858
198.593
162.677
176.679
182.331
167.569
183.39
173.511
172.046
167.879
185.674
214.448
181.01
173.428
199.423
173.595
180.955
168.267
183.954
163.402
204.168
155.248
183.399
176.353
201.101
168.719
168.556
167.857
169.008
192.092
176.414
160.999
186.75
180.366
177.625
176.122
170.095
171.368
189.527
171.674
183.986
192.944
222.192
203.676
181.274
189.622
214.238
180.405
193.766
176.102
172.0
186.129
167.402
173.39
168.567
193.246
186.585
180.551
182.494
195.319
181.426
188.476
200.53
178.702
185.431
190.499
198.138
163.069
160.171
187.726
179.139
202.648
170.24
187.464
183.33
209.363
167.6
189.122
169.571
199.777
191.834
218.314
181.375
213.061
185.4
194.106
182.437
181.123
191.371
179.948
171.054
195.897
187.034
167.122
190.926
157.672
189.226
160.653
169.103
165.194
191.235
152.328
209.918
187.867
185.912
187.391
184.279
196.424
188.03
176.369
173.73
178.703
181.872
197.366
201.81
187.745
167.595
185.149
174.591
166.176
177.202
196.393
209.767
192.797
202.936
175.086
201.49
169.165
158.22
164.317
170.93
174.335
196.12
183.196
174.603
182.669
181.709
176.578
185.516
183.444
149.461
198.237
176.081
184.319
179.914
188.36
159.901
190.556
198.764
171.302
165.435
177.719
191.175
203.658
161.293
183.959
178.678
183.536
179.647
200.406
170.794
172.175
168.819
189.537
165.397
194.019
179.079
177.02
159.243
185.251
163.848
172.317
181.769
198.43
187.477
197.797
189.357
221.069
174.05
194.71
183.691
198.717
171.083
188.455
192.618
188.776
191.806
190.71
192.31
183.443
178.438
203.961
188.491
182.06
154.87
194.882
180.344
183.35
162.762
194.065
168.101
179.152
183.062
167.439
186.943
187.201
204.483
180.608
184.443
170.088
184.246
164.642
181.817
175.327
168.191
182.226
181.835
181.031
179.697
181.522
163.723
188.067
196.527
182.14
189.474
169.886
186.223
178.676
170.682
199.782
186.115
183.3
173.875
188.664
181.083
195.307
177.452
193.466
182.952
200.503
184.732
207.255
183.506
201.127
168.083
201.305
187.103
167.88
161.925
175.053
172.024
174.52
198.312
164.073
161.797
173.736
169.689
191.196
219.533
174.836
201.846
163.26
176.073
179.762
175.79
192.481
204.832
188.928
182.008
184.065
174.694
180.715
175.194
164.631
171.628
192.305
141.87
171.714
180.261
195.637
169.9
190.345
178.115
199.293
194.852
171.374
205.036
185.011
175.94
183.333
163.477
219.09
191.378
168.564
194.928
184.797
201.146
176.134
191.101
197.975
177.926
170.07
186.66
165.531
184.093
181.816
177.798
165.319
200.868
189.017
203.525
186.285
220.728
172.409
180.442
201.949
197.109
183.611
174.748
190.309
190.419
183.319
175.38
160.258
201.764
187.687
183.768
136.999
168.614
184.945
189.231
180.457
182.362
181.63
174.152
187.786
189.165
177.767
213.542
178.89
174.1
170.072
183.399
184.49
177.583
193.208
165.859
178.483
178.405
176.648
187.655
207.201
189.476
211.83
164.736
142.33
192.461
168.059
198.076
181.812
183.237
172.155
188.503
181.783
181.573
181.91
191.398
181.094
162.311
184.055
182.084
156.093
165.073
203.03
193.841
213.982
180.387
189.428
178.79
216.89
174.385
195.306
192.838
180.896
196.482
177.83
188.211
199.473
203.203
184.174
183.632
185.049
175.446
156.101
196.09
174.251
159.181
169.825
154.829
183.41
172.86
205.204
183.065
180.876
163.507
174.041
201.776
165.865
168.077
208.724
171.199
199.132
195.67
180.096
174.117
178.699
163.777
166.546
213.883
202.716
192.993
186.342
183.54
183.381
172.486
164.336
193.739
212.428
170.003
180.462
173.549
200.019
189.301
187.893
195.281
195.38
164.922
180.968
172.224
184.923
189.049
160.654
157.552
165.64
172.883
183.61
196.798
184.889
189.693
174.544
196.619
173.833
177.606
166.739
179.157
175.322
187.967
196.323
196.237
185.909
175.815
184.418
150.622
180.197
178.05
202.404
190.496
183.294
190.189
172.63
182.421
181.122
158.614
177.441
162.094
203.079
188.05
177.988
192.695
163.374
168.834
181.049
195.106
170.579
201.689
158.008
174.579
176.954
177.04
182.659
199.257
206.759
173.719
201.628
182.671
189.489
180.26
199.394
205.085
176.388
183.512
177.895
158.882
182.435
183.321
184.155
161.722
188.983
191.376
175.523
188.643
206.084
172.122
178.262
185.96
174.829
184.88
183.72
196.342
186.807
169.844
171.975
191.13
186.381
190.539
183.524
150.306
190.382
183.669
193.009
177.276
191.759
180.745
186.426
192.81
195.195
179.704
169.785
205.864
196.084
172.751
209.689
185.158
174.803
165.26
182.19
180.672
212.606
193.121
203.973
167.485
169.915
202.399
180.368
196.01
156.651
170.911
157.697
184.775
209.391
195.736
187.388
197.353
164.195
199.217
183.053
181.465
165.516
197.253
186.869
182.432
180.515
161.594
186.864
193.259
181.55
189.344
185.413
178.747
188.183
185.502
187.381
198.516
189.913
189.715
201.36
185.759
173.949
194.771
194.502
164.213
183.738
182.743
195.918
196.056
178.79
178.667
182.894
179.519
178.33
179.976
170.708
181.818
157.43
160.91
180.723
201.403
181.609
180.645
167.083
180.973
207.476
165.244
159.996
176.994
157.28
208.146
193.409
193.079
178.32
164.996
180.611
179.127
185.75
198.552
183.739
208.117
210.034
174.797
169.243
174.967
204.142
183.869
173.105
188.577
217.549
157.748
190.236
169.199
183.812
173.89
194.452
179.494
165.461
178.083
183.932
171.293
177.111
186.042
171.399
182.549
171.719
197.868
164.286
202.225
193.706
206.878
188.834
173.232
184.827
190.569
172.908
197.16
176.471
179.04
176.959
175.145
188.789
187.329
177.601
194.62
188.969
179.639
196.057
177.459
187.91
191.791
179.096
181.124
197.677
185.019
195.342
162.309
173.263
177.956
156.55
186.43
187.634
187.344
183.516
178.48
167.813
190.752
210.595
185.351
205.244
179.982
194.507
159.555
197.604
175.195
201.46
174.724
156.804
181.631
182.972
174.634
197.141
174.668
179.004
185.059
181.017
175.122
186.802
181.835
168.029
206.522
194.727
187.185
171.24
172.484
166.839
173.175
193.365
177.321
160.834
182.551
186.62
186.534
182.312
172.038
151.532
179.783
188.001
184.739
186.461
177.183
171.673
174.344
187.385
196.019
175.344
173.163
205.886
200.604
153.867
184.025
159.265
174.727
193.615
203.349
171.826
186.545
175.154
178.718
164.335
176.393
187.626
201.69
164.175
188.865
184.022
187.244
194.925
191.263
174.686
182.389
182.258
187.033
173.486
169.636
171.011
167.301
184.065
193.272
174.779
174.101
161.075
208.757
186.009
175.099
179.888
177.951
177.885
167.15
166.001
184.3
190.6
180.869
185.951
196.201
170.793
198.026
183.447
177.77
175.44
175.398
177.745
171.725
187.237
176.776
185.13
197.027
182.084
168.402
164.521
189.134
166.408
171.168
167.974
192.814
169.973
180.18
156.721
175.839
184.724
175.732
187.754
178.715
180.368
166.552
195.91
197.0
191.99
174.192
191.483
173.445
154.116
177.093
173.275
181.701
188.853
176.705
203.817
193.734
190.894
177.784
183.495
169.813
179.303
168.077
194.486
189.041
183.818
183.81
191.146
189.425
166.548
183.123
161.489
179.226
180.021
201.994
184.197
176.307
173.824
186.355
174.404
171.018
174.877
185.0
167.568
199.944
174.017
175.103
187.348
170.359
187.041
187.159
182.623
175.743
193.56
189.602
158.391
192.852
171.703
161.771
177.003
166.764
173.032
152.136
191.46
191.277
159.444
176.318
160.847
178.79
183.588
185.342
168.774
194.834
174.673
197.634
165.404
190.643
175.036
203.351
161.175
200.837
178.101
180.694
157.007
168.536
175.728
176.315
161.087
176.91
201.096
176.554
183.427
179.96
184.265
188.057
178.132
194.36
187.715
178.44
195.326
178.026
173.717
156.871
168.96
173.463
178.186
171.831
192.496
167.283
187.645
196.549
184.0
205.435
176.17
182.289
194.389
189.538
167.446
182.072
164.736
183.685
195.066
187.964
173.838
165.355
192.926
173.752
183.505
194.014
166.186
191.669
171.877
199.39
194.168
175.58
169.264
186.749
192.566
191.771
177.98
190.683
171.469
183.049
164.486
181.241
188.451
185.264
224.342
179.52
164.993
177.775
173.294
166.888
178.593
194.108
172.354
188.83
176.04
170.793
183.438
184.109
187.141
183.122
198.304
183.306
183.573
202.998
183.33
179.319
172.289
178.779
161.407
195.907
196.29
157.822
197.75
170.397
193.482
152.073
173.187
202.634
179.314
179.467
190.888
176.596
156.502
188.962
179.035
192.747
191.856
178.795
196.915
205.063
174.964
190.617
153.531
182.598
171.801
173.79
172.128
174.452
177.265
178.299
174.405
151.698
181.476
186.997
191.793
188.976
216.25
174.768
161.036
189.396
165.319
203.619
185.834
179.594
180.88
197.937
180.343
186.393
189.486
182.661
183.391
177.533
196.843
195.049
174.843
171.338
186.87
210.696
153.786
180.305
183.446
180.308
172.773
181.147
181.483
185.508
170.686
180.949
193.846
159.743
190.214
199.044
193.672
166.749
202.62
171.048
170.735
176.516
194.617
189.094
187.698
175.952
167.777
171.622
173.402
178.91
177.117
186.668
168.509
129.266
206.787
180.639
185.981
173.993
180.046
210.686
171.088
174.852
173.504
188.702
149.381
183.63
173.392
184.495
201.978
162.695
184.879
169.46
186.233
202.253
156.721
169.746
174.008
169.048
190.689
187.693
178.681
181.419
175.127
175.696
190.003
194.933
175.951
183.406
144.393
170.877
169.256
176.961
174.12
191.061
180.615
178.001
185.457
161.997
175.128
166.547
174.89
160.852
164.829
160.85
185.116
171.327
184.971
171.121
168.369
190.616
153.615
175.255
177.133
188.968
179.866
177.011
186.056
186.746
173.117
171.333
147.69
200.719
171.849
170.623
179.548
171.829
190.099
146.075
184.706
182.093
176.583
184.998
188.301
183.27
192.101
188.076
173.522
183.644
194.783
202.735
191.054
180.22
194.901
181.607
210.538
173.484
165.191
179.236
188.406
194.67
192.525
188.613
165.411
179.105
194.914
161.22
167.174
186.198
205.219
175.087
182.852
193.841
151.457
154.858
182.535
202.927
192.289
199.361
154.238
186.836
186.072
174.262
194.764
177.557
193.811
206.579
188.112
174.537
168.486
170.756
183.271
167.842
191.567
183.654
193.661
156.406
150.472
208.065
190.0
185.51
197.493
202.002
192.901
149.335
185.388
191.658
160.937
161.973
187.367
197.759
174.902
185.294
182.391
175.335
161.236
171.455
172.459
173.549
184.066
194.592
164.76
181.08
193.466
190.604
172.541
175.066
206.915
186.238
193.175
207.229
180.237
184.085
156.3
196.809
190.581
170.176
166.019
173.674
173.082
180.707
173.872
189.763
176.624
202.303
184.121
171.901
184.951
168.037
211.367
187.48
180.513
210.451
193.19
155.855
164.049
174.58
195.458
202.724
192.764
190.132
175.669
173.584
186.311
171.088
181.979
195.099
183.633
192.155
189.535
176.961
172.376
172.75
187.554
195.872
195.386
204.303
181.056
182.403
185.403
190.724
197.4
185.008
180.667
201.92
177.569
196.714
164.47
179.544
189.924
159.569
188.452
186.024
203.409
191.094
188.324
187.526
183.805
178.603
167.364
160.366
218.557
190.19
177.336
192.992
184.821
179.108
171.612
205.032
111.161
165.256
208.448
190.376
190.878
219.106
179.654
165.765
130.707
178.43
199.925
155.073
173.081
174.309
165.98
180.757
192.28
175.881
189.343
192.846
193.847
175.701
168.884
174.404
173.981
205.449
164.263
168.204
175.077
160.74
170.059
185.128
159.14
163.435
163.98
181.714
181.718
179.819
192.483
179.966
176.231
177.848
181.877
189.015
200.875
179.564
187.344
182.465
192.59
193.922
162.883
176.803
163.251
182.929
174.668
183.023
173.387
176.947
173.098
194.504
200.555
179.789
171.042
197.565
168.982
182.253
175.716
193.76
184.779
172.065
185.268
193.675
163.634
185.336
164.925
195.054
185.145
193.879
179.757
184.056
181.809
160.071
188.163
171.493
196.948
174.393
173.317
187.132
188.167
170.781
183.666
174.843
164.744
222.336
184.719
181.95
178.393
171.748
182.32
175.559
148.907
180.808
192.779
183.529
177.635
161.528
145.055
168.956
197.266
191.253
199.689
213.621
200.988
184.705
187.858
190.255
177.576
186.91
171.658
193.35
186.424
192.067
175.96
174.278
166.061
168.912
182.955
186.232
206.638
154.382
175.853
188.075
188.673
196.15
189.738
191.569
180.038
168.879
187.741
179.521
174.948
173.465
183.638
171.569
175.406
181.471
185.556
180.063
186.443
182.442
200.969
181.658
180.548
187.544
183.041
186.654
159.626
186.816
174.437
190.34
174.804
193.757
205.404
179.46
168.36
183.829
159.643
186.56
190.348
191.679
188.552
161.619
174.219
175.749
150.205
178.522
176.105
175.567
177.321
170.505
154.684
174.227
179.667
153.585
198.037
166.097
211.679
184.617
174.476
191.851
169.558
186.466
205.46
189.688
195.126
171.721
171.292
170.516
179.558
186.2
183.136
206.932
199.099
168.334
200.402
188.152
159.476
206.447
155.098
181.29
176.049
176.49
178.367
167.455
185.471
178.588
163.213
153.291
163.27
174.952
193.456
180.94
166.809
174.22
167.467
173.003
157.856
193.764
193.553
174.525
183.327
186.243
189.209
156.107
159.998
168.682
177.691
167.681
181.03
180.642
205.673
192.619
183.789
170.689
177.822
168.976
203.935
156.376
176.953
191.491
171.79
166.199
180.898
204.344
159.536
196.688
189.536
204.877
174.347
199.116
184.474
202.656
202.698
179.794
213.609
191.043
166.233
180.836
185.917
183.992
175.235
186.867
184.962
187.0
175.359
186.452
181.807
189.567
191.775
195.458
187.08
197.411
180.242
169.221
181.92
167.479
154.71
175.829
160.796
184.808
182.793
196.548
172.507
180.417
150.779
204.781
186.842
200.83
207.574
176.309
203.326
189.559
179.688
189.869
184.665
173.371
181.488
205.768
188.904
203.546
183.153
178.558
191.196
193.142
185.087
164.266
170.528
164.43
177.739
191.943
154.61
212.082
173.262
157.964
174.929
181.501
189.753
191.301
205.789
188.817
199.624
184.856
179.866
173.153
191.804
173.48
183.148
164.99
155.691
180.305
175.383
191.39
205.757
187.203
190.784
188.418
178.063
198.177
193.219
205.432
158.059
183.448
167.598
173.303
185.344
181.734
175.088
194.759
166.725
186.346
208.474
155.208
170.005
193.842
192.953
181.524
187.427
153.616
188.012
193.765
183.787
166.094
188.091
183.799
193.28
184.814
171.115
169.319
181.076
179.353
185.42
186.493
131.342
185.659
169.667
178.269
174.226
181.438
197.309
202.927
173.359
163.6
188.808
183.623
197.063
181.214
178.792
198.34
177.176
201.51
187.632
162.857
194.15
192.151
176.931
166.457
182.725
172.231
187.01
178.436
191.442
210.207
161.394
179.296
203.052
177.252
184.322
177.797
180.445
191.77
180.95
182.64
179.081
180.999
185.9
181.069
198.114
176.134
164.721
171.366
178.45
191.607
167.881
195.906
181.696
156.976
203.033
174.362
190.227
177.411
185.333
159.996
179.191
146.3
185.744
154.573
184.68
189.82
189.931
187.269
191.642
186.852
204.33
188.172
207.688
156.287
172.033
160.539
181.558
190.501
174.498
194.958
200.906
210.595
183.755
218.022
185.982
152.04
169.864
205.219
183.808
169.366
172.697
188.46
198.903
177.853
203.093
176.984
171.53
183.97
185.691
195.469
174.615
192.197
168.552
179.113
194.122
161.062
202.766
188.295
187.121
200.227
178.82
170.486
170.404
184.785
156.589
195.263
189.634
156.732
195.361
180.129
186.491
167.779
187.876
183.644
199.319
193.166
175.989
196.773
200.689
185.039
153.867
161.384
190.4
194.828
194.95
176.967
164.413
166.788
181.772
174.486
189.875
197.44
183.452
177.024
207.436
179.302
165.052
177.261
187.635
181.445
167.848
180.338
168.442
153.236
147.821
183.456
187.961
185.019
185.466
175.649
184.564
159.977
189.618
190.242
168.208
157.699
190.832
155.93
170.308
186.544
179.189
173.83
182.271
160.105
201.291
174.288
172.72
177.531
194.952
181.998
196.343
186.051
180.193
183.893
200.834
168.559
196.31
168.364
176.77
190.326
186.501
191.413
175.53
178.997
189.388
169.707
191.778
183.026
171.373
194.164
171.51
170.757
170.27
169.806
197.096
175.768
159.366
178.415
184.808
195.677
188.837
178.167
168.403
172.903
169.951
168.058
190.953
202.533
171.657
162.722
187.036
166.589
173.056
173.613
177.246
189.566
210.049
154.276
169.118
183.302
190.426
160.244
161.516
173.435
168.912
170.071
189.021
193.801
153.655
216.576
162.781
185.259
177.816
174.176
195.749
169.391
198.926
180.538
200.701
162.144
204.733
184.585
183.523
169.966
197.15
217.875
171.096
182.962
177.076
192.091
199.882
179.104
189.452
172.372
169.965
135.101
187.44
174.255
206.72
184.676
174.946
185.121
188.179
172.558
187.982
172.166
179.912
187.659
182.206
164.786
179.171
189.719
181.682
192.216
191.436
195.539
199.001
187.729
184.62
179.204
195.6
157.449
162.296
175.544
175.954
175.356
216.874
192.616
154.737
177.707
171.166
188.906
162.07
182.395
204.673
201.324
166.11
214.141
184.778
170.199
184.938
197.235
179.511
193.556
181.299
185.324
186.961
147.56
178.589
181.454
186.09
197.179
199.785
184.4
196.957
190.257
186.032
173.74
173.205
187.715
175.252
204.988
186.192
183.001
177.89
154.109
172.949
206.661
182.916
170.235
189.471
189.006
195.348
196.466
179.75
177.283
172.494
180.432
218.964
191.205
186.522
176.355
191.577
199.571
192.399
175.827
187.802
178.27
166.919
159.263
192.377
170.319
187.094
158.584
199.59
199.485
182.693
181.559
199.152
192.794
169.493
168.806
192.463
175.0
198.038
176.195
174.911
189.116
184.764
161.476
167.711
181.53
177.153
196.512
188.602
185.568
170.893
188.66
188.343
165.014
103.158
193.786
177.887
194.77
195.894
178.524
165.445
166.574
196.891
193.99
176.704
189.6
164.688
164.925
177.31
184.334
194.582
185.899
164.968
190.288
187.381
200.313
170.633
191.909
178.482
183.271
156.374
171.831
190.225
181.215
192.987
175.916
184.443
187.64
198.045
201.261
180.54
174.382
177.293
167.055
161.754
187.059
178.097
171.654
168.415
164.033
184.033
167.121
202.634
173.951
189.144
168.182
150.026
202.28
180.973
156.153
153.457
202.708
186.453
190.643
192.505
161.827
179.639
185.851
181.477
159.556
189.277
189.948
146.175
173.223
189.262
193.369
178.376
206.162
166.5
189.672
204.386
210.846
172.792
188.19
209.527
200.45
159.345
197.907
192.529
159.66
185.006
191.448
186.365
185.036
194.201
176.719
205.018
183.976
214.729
181.914
174.667
182.012
163.281
194.79
181.036
183.429
187.976
208.198
148.268
184.643
180.071
172.071
191.691
193.534
175.387
150.675
190.112
189.464
188.537
171.875
197.374
169.949
158.784
187.01
169.954
188.458
169.698
174.344
190.814
199.276
167.862
169.6
181.274
198.666
194.597
213.685
183.094
171.884
184.768
186.729
201.347
189.434
169.172
177.848
176.947
183.392
192.05
191.619
162.741
173.856
179.241
169.603
174.497
172.17
170.781
190.867
170.212
179.585
172.666
193.523
182.481
216.846
192.462
187.162
163.287
179.07
180.986
180.506
178.416
205.863
201.964
181.961
207.141
187.956
164.342
170.254
177.786
162.818
183.574
187.851
178.334
169.919
202.931
188.647
196.002
165.73
200.311
157.713
213.823
171.483
170.872
163.198
184.16
192.117
166.076
178.834
174.381
193.467
180.322
192.018
171.108
80.4175
176.645
181.277
218.433
186.744
169.14
193.357
199.704
174.845
152.73
169.115
178.758
178.748
167.426
179.268
179.602
172.198
180.2
163.671
178.443
168.154
178.114
185.255
160.408
194.757
200.766
182.218
149.611
180.43
178.63
192.061
183.494
167.753
193.158
206.705
188.527
178.19
187.117
159.265
159.01
177.678
177.175
196.27
180.98
190.578
201.369
194.121
196.14
173.343
183.242
190.911
182.625
172.151
183.531
171.482
172.787
189.88
169.403
185.303
179.05
193.904
182.226
174.764
186.187
172.622
168.743
190.148
209.366
168.759
167.556
171.578
181.108
169.706
203.013
191.938
205.385
205.66
160.337
186.218
155.485
176.528
200.146
172.531
177.803
192.75
171.711
176.825
176.819
181.891
185.03
176.583
203.288
199.249
156.094
180.851
187.313
183.226
201.139
162.683
163.112
177.159
168.451
172.624
182.957
190.891
204.645
174.835
184.778
175.686
181.47
183.859
162.29
183.34
192.589
187.074
190.699
183.922
166.575
159.52
195.174
166.176
197.748
166.379
176.264
197.284
177.576
162.914
187.333
184.726
88.5616
177.671
175.934
172.832
195.783
191.829
191.853
172.987
184.848
176.567
191.095
195.365
184.405
188.761
199.421
192.038
172.397
189.27
211.822
200.01
180.076
167.636
187.666
179.438
173.184
170.818
187.497
163.88
202.743
216.21
163.891
177.953
189.885
187.09
183.044
168.211
176.285
171.908
185.382
170.308
194.709
191.062
207.83
193.005
195.358
182.14
193.707
193.17
156.208
174.894
204.113
171.359
170.378
176.184
191.401
182.142
186.783
188.928
173.191
181.596
211.643
194.457
165.681
167.701
201.953
187.086
160.269
194.537
163.921
183.848
187.797
176.437
175.569
164.58
204.192
167.328
181.378
193.144
182.698
178.312
174.881
188.19
181.011
179.19
189.44
192.824
193.889
188.443
193.468
179.958
168.525
186.084
183.036
183.331
160.13
170.011
190.459
173.914
181.348
183.74
204.631
161.611
168.846
198.556
164.142
186.506
217.774
185.711
169.01
181.631
193.626
175.129
196.878
153.079
190.163
177.465
186.6
173.601
184.15
203.165
202.63
158.541
187.79
197.704
171.258
184.091
191.097
193.432
196.988
198.374
207.665
194.079
198.282
167.057
175.779
188.13
186.625
159.517
176.668
188.866
161.541
213.157
176.595
171.185
142.291
154.161
170.014
170.026
163.545
192.355
153.332
161.309
191.64
202.112
179.699
194.023
181.833
148.933
187.141
166.984
186.728
175.118
165.324
178.214
216.167
189.469
164.696
181.036
187.639
207.804
190.39
182.576
192.643
194.496
156.234
186.109
159.144
204.892
193.78
181.89
166.258
166.526
208.897
200.837
196.934
178.915
165.13
189.643
166.802
198.683
181.072
172.174
188.552
174.274
187.386
176.962
173.957
170.2
182.327
182.067
213.467
192.859
178.261
183.436
188.58
167.865
191.661
178.686
193.43
184.734
167.334
180.541
183.203
182.256
180.249
178.025
194.165
197.734
179.685
185.082
158.402
188.532
194.174
184.185
175.243
202.809
174.49
177.243
177.756
185.697
191.745
185.42
171.734
188.546
168.719
170.287
186.047
148.1
180.757
186.464
179.854
182.496
195.419
179.756
187.371
174.053
161.472
180.667
182.236
190.714
194.741
180.501
188.868
191.911
175.886
181.519
171.462
172.821
177.891
181.331
191.349
176.175
180.121
189.026
197.332
175.552
181.419
